0.104602 0.000010 0.000010 0.003299 0.000010 0.856598 0.000010 0.035460
0.144466 0.000010 0.000010 0.010698 0.000010 0.800166 0.017414 0.027226
0.254164 0.000010 0.000010 0.000010 0.024770 0.721016 0.000010 0.000010
0.050717 0.000010 0.000973 0.000010 0.000010 0.811123 0.114299 0.022858
0.000010 0.000010 0.000010 0.000010 0.030002 0.841694 0.084077 0.044188
0.057907 0.000010 0.012043 0.007902 0.000010 0.844246 0.052214 0.025667
0.232664 0.000010 0.000010 0.017129 0.000010 0.676703 0.063406 0.010067
0.171671 0.000010 0.008496 0.002735 0.000010 0.807818 0.000010 0.009250
0.229424 0.000010 0.000010 0.000010 0.000010 0.719463 0.048913 0.002160
0.193591 0.000010 0.005829 0.000010 0.003691 0.755671 0.000010 0.041188
0.000010 0.000010 0.000010 0.012277 0.024921 0.879298 0.083464 0.000010
0.058999 0.000010 0.009603 0.000010 0.000010 0.850961 0.077736 0.002672
0.150316 0.000010 0.013220 0.004826 0.000010 0.830415 0.000010 0.001192
0.094063 0.000010 0.005113 0.007224 0.030291 0.835347 0.000010 0.027941
0.214596 0.000010 0.000010 0.009019 0.000010 0.738418 0.037567 0.000369
0.222268 0.000010 0.000010 0.010947 0.000010 0.699419 0.067326 0.000010
0.272651 0.000010 0.010289 0.000010 0.006206 0.710814 0.000010 0.000010
0.148792 0.027106 0.000010 0.000010 0.005325 0.810416 0.006173 0.002167
0.226098 0.029305 0.000010 0.011743 0.107906 0.555458 0.065400 0.004079
0.168144 0.000010 0.000010 0.001380 0.000010 0.814313 0.000010 0.016123
0.227455 0.007140 0.000010 0.000010 0.002135 0.763230 0.000010 0.000010
0.224011 0.000010 0.000010 0.000010 0.024394 0.751545 0.000010 0.000010
0.274176 0.000010 0.000010 0.000010 0.000010 0.725764 0.000010 0.000010
0.139669 0.000010 0.005825 0.000010 0.002598 0.814561 0.000010 0.037317
0.037005 0.000010 0.005794 0.023714 0.000010 0.864710 0.052742 0.016016
0.132610 0.019563 0.000010 0.000010 0.000010 0.800215 0.036762 0.010820
0.162105 0.000010 0.000010 0.023472 0.000010 0.798612 0.000010 0.015771
0.203336 0.000010 0.000010 0.008762 0.000010 0.773919 0.013943 0.000010
0.220154 0.000010 0.000010 0.027802 0.000010 0.751994 0.000010 0.000010
0.218494 0.012294 0.000010 0.005960 0.016618 0.701163 0.039198 0.006263
0.045091 0.000010 0.035486 0.015634 0.274626 0.629134 0.000010 0.000010
0.164561 0.000010 0.000010 0.013235 0.003092 0.759957 0.055034 0.004101
0.164152 0.004112 0.001436 0.000010 0.006135 0.809281 0.008036 0.006837
0.000010 0.000011 0.000010 0.021536 0.009713 0.921670 0.019679 0.027371
0.299818 0.019735 0.000010 0.000010 0.004556 0.572293 0.076929 0.026648
0.374136 0.000010 0.001046 0.000010 0.000010 0.624768 0.000010 0.000010
0.064083 0.000010 0.000010 0.000010 0.007917 0.847613 0.080348 0.000010
0.075459 0.000010 0.008642 0.008429 0.000994 0.856710 0.035276 0.014480
0.186893 0.000010 0.002175 0.002878 0.000010 0.749684 0.058339 0.000010
0.154114 0.000010 0.000010 0.000156 0.000010 0.800215 0.000010 0.045475
0.112931 0.000010 0.000010 0.023085 0.034217 0.821648 0.008090 0.000010
0.224415 0.000010 0.000010 0.021030 0.000010 0.694709 0.046168 0.013648
0.034702 0.000010 0.000010 0.000010 0.015943 0.847433 0.073337 0.028555
0.272557 0.000667 0.022497 0.000010 0.000010 0.678550 0.025699 0.000010
0.393311 0.000010 0.000010 0.000010 0.000010 0.606629 0.000010 0.000010
0.193638 0.000010 0.000010 0.018878 0.000010 0.779274 0.000010 0.008170
0.239787 0.000010 0.000010 0.000010 0.000010 0.694241 0.044269 0.021662
0.174696 0.009493 0.000010 0.000010 0.000010 0.774294 0.000010 0.041477
0.105415 0.000010 0.000976 0.000010 0.000010 0.881501 0.000010 0.012067
0.998730 0.000010 0.001210 0.000010 0.000010 0.000010 0.000010 0.000010
0.998860 0.000010 0.000010 0.000010 0.000010 0.000010 0.001080 0.000010
0.848066 0.000017 0.000010 0.000010 0.000010 0.000010 0.151868 0.000010
0.920624 0.000010 0.000010 0.005698 0.000010 0.000010 0.073628 0.000010
0.886250 0.000010 0.000010 0.000010 0.000010 0.000010 0.113690 0.000010
0.896133 0.000010 0.000010 0.000010 0.000010 0.000010 0.103807 0.000010
0.995582 0.004358 0.000010 0.000010 0.000010 0.000010 0.000010 0.000010
0.838498 0.000263 0.000010 0.000010 0.000010 0.000010 0.161189 0.000010
0.999930 0.000010 0.000010 0.000010 0.000010 0.000010 0.000010 0.000010
0.846784 0.000010 0.000011 0.000010 0.000010 0.000010 0.153154 0.000010
0.916352 0.000010 0.000010 0.000010 0.000010 0.000010 0.083588 0.000010
0.917417 0.000010 0.000010 0.000010 0.000010 0.000010 0.082523 0.000010
0.811305 0.000010 0.000010 0.000011 0.000010 0.000010 0.188634 0.000010
0.826118 0.000010 0.000010 0.000010 0.000010 0.000010 0.173822 0.000010
0.762667 0.000010 0.000010 0.002819 0.000010 0.000010 0.234463 0.000010
0.949862 0.000010 0.000010 0.000010 0.000010 0.000010 0.050078 0.000010
0.844112 0.000010 0.000010 0.007127 0.000010 0.000010 0.148711 0.000010
0.982820 0.008262 0.000010 0.000010 0.008868 0.000010 0.000010 0.000010
0.892312 0.011973 0.000010 0.000010 0.009533 0.000010 0.086143 0.000010
0.893184 0.000010 0.000010 0.023215 0.029843 0.000010 0.053718 0.000010
0.835914 0.000010 0.000010 0.000010 0.000010 0.000010 0.164026 0.000010
0.739885 0.000010 0.000010 0.000010 0.080085 0.000011 0.179979 0.000010
0.999930 0.000010 0.000010 0.000010 0.000010 0.000010 0.000010 0.000010
0.995206 0.000010 0.000010 0.000010 0.004734 0.000010 0.000010 0.000010
0.920734 0.000010 0.000010 0.000010 0.000010 0.000010 0.079206 0.000010
0.807190 0.000010 0.000010 0.000010 0.000010 0.000010 0.192750 0.000010
0.924673 0.000010 0.000010 0.000010 0.000010 0.000010 0.075267 0.000010
0.999930 0.000010 0.000010 0.000010 0.000010 0.000010 0.000010 0.000010
0.999930 0.000010 0.000010 0.000010 0.000010 0.000010 0.000010 0.000010
0.902697 0.000010 0.000010 0.000010 0.000010 0.000010 0.097243 0.000010
0.823992 0.000010 0.000327 0.014583 0.000010 0.000010 0.161058 0.000010
0.999930 0.000010 0.000010 0.000010 0.000010 0.000010 0.000010 0.000010
0.793876 0.000010 0.000010 0.000010 0.000010 0.000010 0.206064 0.000010
0.999930 0.000010 0.000010 0.000010 0.000010 0.000010 0.000010 0.000010
0.848273 0.000010 0.000010 0.003103 0.000010 0.000010 0.148574 0.000010
0.874359 0.000010 0.000010 0.000010 0.000010 0.000010 0.125581 0.000010
0.881036 0.000010 0.000010 0.003262 0.000010 0.000010 0.115652 0.000010
0.999930 0.000010 0.000010 0.000010 0.000010 0.000010 0.000010 0.000010
0.971332 0.000010 0.000010 0.000010 0.000010 0.000010 0.028608 0.000010
0.751797 0.009732 0.000010 0.006034 0.000010 0.000010 0.232397 0.000010
0.877392 0.000010 0.000010 0.000010 0.000010 0.000010 0.122548 0.000010
0.998579 0.000010 0.000010 0.000010 0.001361 0.000010 0.000010 0.000010
0.835759 0.000010 0.006098 0.003050 0.000010 0.000010 0.155054 0.000010
0.895292 0.000010 0.000010 0.026040 0.000010 0.000010 0.078618 0.000010
0.989306 0.000010 0.000010 0.000010 0.000010 0.000010 0.010634 0.000010
0.975404 0.000010 0.000010 0.002312 0.003470 0.000010 0.018773 0.000010
0.748140 0.000014 0.000010 0.000010 0.009554 0.000016 0.242247 0.000010
0.909387 0.000010 0.000010 0.000010 0.000010 0.000010 0.090553 0.000010
0.992002 0.000010 0.000010 0.007938 0.000010 0.000010 0.000010 0.000010
0.999930 0.000010 0.000010 0.000010 0.000010 0.000010 0.000010 0.000010
0.890399 0.000010 0.000010 0.000750 0.000010 0.000010 0.108802 0.000010
0.905820 0.000010 0.000010 0.000010 0.000010 0.000010 0.094120 0.000010
0.999930 0.000010 0.000010 0.000010 0.000010 0.000010 0.000010 0.000010
0.932082 0.000010 0.006200 0.000010 0.000010 0.000010 0.061667 0.000010
0.993467 0.000010 0.000554 0.005930 0.000010 0.000010 0.000010 0.000010
0.873839 0.000010 0.000010 0.000010 0.010418 0.000010 0.115692 0.000010
0.833909 0.000010 0.000010 0.000010 0.000010 0.000010 0.166031 0.000010
0.921653 0.000010 0.000010 0.000010 0.000010 0.000010 0.078287 0.000010
0.872361 0.000010 0.000010 0.000010 0.000010 0.000010 0.127579 0.000010
0.915433 0.000010 0.000010 0.004656 0.000010 0.000010 0.079861 0.000010
0.871342 0.000010 0.000010 0.003042 0.000010 0.000010 0.125566 0.000010
0.999930 0.000010 0.000010 0.000010 0.000010 0.000010 0.000010 0.000010
0.902905 0.000010 0.000010 0.000010 0.000010 0.000010 0.097035 0.000010
0.999021 0.000919 0.000010 0.000010 0.000010 0.000010 0.000010 0.000010
0.933974 0.000010 0.000010 0.000010 0.000010 0.000010 0.065966 0.000010
0.999029 0.000911 0.000010 0.000010 0.000010 0.000010 0.000010 0.000010
0.863757 0.000010 0.000010 0.000010 0.000010 0.000010 0.136183 0.000010
0.999930 0.000010 0.000010 0.000010 0.000010 0.000010 0.000010 0.000010
0.999930 0.000010 0.000010 0.000010 0.000010 0.000010 0.000010 0.000010
0.884695 0.000010 0.001315 0.000010 0.000010 0.000010 0.113940 0.000010
0.999930 0.000010 0.000010 0.000010 0.000010 0.000010 0.000010 0.000010
0.925294 0.000010 0.000010 0.005410 0.000010 0.000010 0.069246 0.000010
0.963717 0.000010 0.000010 0.036223 0.000010 0.000010 0.000010 0.000010
0.950584 0.000010 0.000010 0.014374 0.000010 0.000010 0.034992 0.000010
0.940597 0.000010 0.001907 0.000290 0.057166 0.000010 0.000010 0.000010
0.916091 0.000010 0.000010 0.000010 0.083849 0.000010 0.000010 0.000010
0.999930 0.000010 0.000010 0.000010 0.000010 0.000010 0.000010 0.000010
0.901267 0.000012 0.005818 0.000010 0.000010 0.000010 0.092863 0.000010
0.977884 0.000010 0.000010 0.000010 0.000010 0.000010 0.022056 0.000010
0.893737 0.000010 0.000010 0.000010 0.000010 0.000010 0.106203 0.000010
0.929559 0.000010 0.000010 0.000010 0.000010 0.000010 0.070381 0.000010
0.881873 0.000010 0.000010 0.005341 0.000010 0.000010 0.112737 0.000010
0.822637 0.003590 0.000010 0.000010 0.000010 0.000010 0.173722 0.000010
0.901293 0.000010 0.000010 0.000010 0.000010 0.000010 0.098647 0.000010
0.703174 0.000010 0.000010 0.000010 0.000010 0.000010 0.296766 0.000010
0.999930 0.000010 0.000010 0.000010 0.000010 0.000010 0.000010 0.000010
0.879773 0.000010 0.000010 0.000010 0.000010 0.000010 0.120167 0.000010
0.977279 0.021836 0.000010 0.000835 0.000010 0.000010 0.000010 0.000010
0.999930 0.000010 0.000010 0.000010 0.000010 0.000010 0.000010 0.000010
0.985933 0.000010 0.000010 0.000010 0.000010 0.000010 0.014007 0.000010
0.988496 0.000010 0.000010 0.000010 0.000010 0.000010 0.011444 0.000010
0.898486 0.000010 0.000010 0.000010 0.000010 0.000010 0.101454 0.000010
0.999930 0.000010 0.000010 0.000010 0.000010 0.000010 0.000010 0.000010
0.987725 0.000010 0.000010 0.012215 0.000010 0.000010 0.000010 0.000010
0.931063 0.000010 0.000010 0.000010 0.000010 0.000010 0.068877 0.000010
0.898529 0.000010 0.000010 0.003045 0.000010 0.000010 0.098376 0.000010
0.998116 0.000010 0.000010 0.001824 0.000010 0.000010 0.000010 0.000010
0.945322 0.000010 0.000010 0.010907 0.000010 0.000010 0.043722 0.000010
0.996879 0.001933 0.000010 0.001137 0.000010 0.000010 0.000010 0.000010
0.843167 0.000010 0.000010 0.000010 0.000010 0.000010 0.156773 0.000010
0.973705 0.000010 0.000010 0.026235 0.000010 0.000010 0.000010 0.000010
0.999930 0.000010 0.000010 0.000010 0.000010 0.000010 0.000010 0.000010
0.811055 0.000010 0.000010 0.000010 0.000010 0.000010 0.188885 0.000010
0.999930 0.000010 0.000010 0.000010 0.000010 0.000010 0.000010 0.000010
0.999930 0.000010 0.000010 0.000010 0.000010 0.000010 0.000010 0.000010
0.851032 0.000010 0.000010 0.000010 0.000010 0.000010 0.148908 0.000010
0.957088 0.000010 0.000336 0.006174 0.000010 0.000010 0.036362 0.000010
0.970812 0.000010 0.000015 0.000010 0.000010 0.000010 0.029123 0.000010
0.971897 0.000010 0.003755 0.009382 0.000010 0.000010 0.014926 0.000010
0.979954 0.000010 0.000010 0.019986 0.000010 0.000010 0.000010 0.000010
0.999930 0.000010 0.000010 0.000010 0.000010 0.000010 0.000010 0.000010
0.962357 0.000010 0.000010 0.022715 0.000010 0.000010 0.014878 0.000010
0.003828 0.173745 0.811022 0.000010 0.011365 0.000010 0.000010 0.000010
0.000010 0.206237 0.793703 0.000010 0.000010 0.000010 0.000010 0.000010
0.000010 0.195431 0.804509 0.000010 0.000010 0.000010 0.000010 0.000010
0.000010 0.000010 0.999930 0.000010 0.000010 0.000010 0.000010 0.000010
0.000010 0.164507 0.829291 0.000010 0.000010 0.000010 0.006152 0.000010
0.000010 0.184719 0.815221 0.000010 0.000010 0.000010 0.000010 0.000010
0.000010 0.113672 0.886268 0.000010 0.000010 0.000010 0.000010 0.000010
0.000010 0.171733 0.828207 0.000010 0.000010 0.000010 0.000010 0.000010
0.000010 0.042013 0.951847 0.006090 0.000010 0.000010 0.000010 0.000010
0.000010 0.171729 0.810299 0.000010 0.010134 0.000010 0.007798 0.000010
0.006975 0.114975 0.877999 0.000010 0.000010 0.000010 0.000010 0.000010
0.000010 0.171152 0.828788 0.000010 0.000010 0.000010 0.000010 0.000010
0.000010 0.156057 0.843883 0.000010 0.000010 0.000010 0.000010 0.000010
0.000010 0.231103 0.768837 0.000010 0.000010 0.000010 0.000010 0.000010
0.000010 0.048348 0.951592 0.000010 0.000010 0.000010 0.000010 0.000010
0.000010 0.042298 0.957642 0.000010 0.000010 0.000010 0.000010 0.000010
0.000010 0.141883 0.838716 0.000010 0.019351 0.000010 0.000010 0.000010
0.000010 0.052837 0.946302 0.000811 0.000010 0.000010 0.000010 0.000010
0.000010 0.000010 0.999930 0.000010 0.000010 0.000010 0.000010 0.000010
0.000010 0.058295 0.941645 0.000010 0.000010 0.000010 0.000010 0.000010
0.000010 0.028321 0.971619 0.000010 0.000010 0.000010 0.000010 0.000010
0.000010 0.073620 0.926320 0.000010 0.000010 0.000010 0.000010 0.000010
0.000010 0.145912 0.818762 0.023112 0.000010 0.000010 0.012174 0.000010
0.019557 0.249729 0.730665 0.000010 0.000010 0.000010 0.000010 0.000010
0.000010 0.000010 0.999930 0.000010 0.000010 0.000010 0.000010 0.000010
0.000010 0.126118 0.873822 0.000010 0.000010 0.000010 0.000010 0.000010
0.000010 0.030660 0.969280 0.000010 0.000010 0.000010 0.000010 0.000010
0.000010 0.188330 0.811610 0.000010 0.000010 0.000010 0.000010 0.000010
0.000010 0.188079 0.766882 0.033101 0.000010 0.000010 0.011899 0.000010
0.000010 0.023897 0.976041 0.000010 0.000012 0.000010 0.000010 0.000010
0.000010 0.099128 0.900812 0.000010 0.000010 0.000010 0.000010 0.000010
0.000010 0.042050 0.957886 0.000010 0.000014 0.000010 0.000010 0.000010
0.000010 0.156228 0.843712 0.000010 0.000010 0.000010 0.000010 0.000010
0.020167 0.144986 0.834797 0.000010 0.000010 0.000010 0.000010 0.000010
0.000010 0.225565 0.774375 0.000010 0.000010 0.000010 0.000010 0.000010
0.000010 0.159677 0.840263 0.000010 0.000010 0.000010 0.000010 0.000010
0.000010 0.009332 0.990608 0.000010 0.000010 0.000010 0.000010 0.000010
0.000010 0.101737 0.898203 0.000010 0.000010 0.000010 0.000010 0.000010
0.000012 0.218925 0.781013 0.000010 0.000010 0.000010 0.000010 0.000010
0.002845 0.204752 0.778979 0.008625 0.004769 0.000010 0.000010 0.000010
0.000010 0.001267 0.998673 0.000010 0.000010 0.000010 0.000010 0.000010
0.000329 0.103556 0.879964 0.000010 0.016110 0.000010 0.000010 0.000010
0.000010 0.194179 0.805761 0.000010 0.000010 0.000010 0.000010 0.000010
0.001482 0.147251 0.851217 0.000010 0.000010 0.000010 0.000010 0.000010
0.000010 0.179979 0.819961 0.000010 0.000010 0.000010 0.000010 0.000010
0.000010 0.090251 0.909689 0.000010 0.000010 0.000010 0.000010 0.000010
0.000010 0.000010 0.999930 0.000010 0.000010 0.000010 0.000010 0.000010
0.000010 0.170973 0.828967 0.000010 0.000010 0.000010 0.000010 0.000010
0.000010 0.205804 0.794136 0.000010 0.000010 0.000010 0.000010 0.000010
0.000010 0.145020 0.844406 0.000010 0.002844 0.000010 0.007690 0.000010
0.000010 0.079567 0.920373 0.000010 0.000010 0.000010 0.000010 0.000010
0.000010 0.115569 0.757487 0.000010 0.126894 0.000010 0.000010 0.000010
0.000010 0.084015 0.915925 0.000010 0.000010 0.000010 0.000010 0.000010
0.000010 0.220062 0.776933 0.000010 0.000010 0.000010 0.002955 0.000010
0.000010 0.148283 0.851657 0.000010 0.000010 0.000010 0.000010 0.000010
0.000010 0.119700 0.880240 0.000010 0.000010 0.000010 0.000010 0.000010
0.000010 0.171624 0.817708 0.000010 0.010618 0.000010 0.000010 0.000010
0.000010 0.047687 0.952253 0.000010 0.000010 0.000010 0.000010 0.000010
0.000010 0.225408 0.774531 0.000010 0.000011 0.000010 0.000010 0.000010
0.000010 0.199498 0.800442 0.000010 0.000010 0.000010 0.000010 0.000010
0.000010 0.089115 0.910825 0.000010 0.000010 0.000010 0.000010 0.000010
0.000010 0.017471 0.982469 0.000010 0.000010 0.000010 0.000010 0.000010
0.000010 0.107394 0.892546 0.000010 0.000010 0.000010 0.000010 0.000010
0.000010 0.222267 0.777673 0.000010 0.000010 0.000010 0.000010 0.000010
0.000010 0.064323 0.935617 0.000010 0.000010 0.000010 0.000010 0.000010
0.009406 0.050338 0.940206 0.000010 0.000010 0.000010 0.000010 0.000010
0.000010 0.195034 0.804906 0.000010 0.000010 0.000010 0.000010 0.000010
0.000010 0.064890 0.935050 0.000010 0.000010 0.000010 0.000010 0.000010
0.000010 0.083544 0.916396 0.000010 0.000010 0.000010 0.000010 0.000010
0.000010 0.000010 0.999930 0.000010 0.000010 0.000010 0.000010 0.000010
0.000010 0.184714 0.815226 0.000010 0.000010 0.000010 0.000010 0.000010
0.000010 0.234694 0.758040 0.000010 0.007216 0.000010 0.000010 0.000010
0.000010 0.066628 0.933312 0.000010 0.000010 0.000010 0.000010 0.000010
0.000010 0.158120 0.837358 0.004472 0.000010 0.000010 0.000010 0.000010
0.000010 0.172050 0.811768 0.000010 0.016132 0.000010 0.000010 0.000010
0.012844 0.165262 0.821844 0.000010 0.000010 0.000010 0.000010 0.000010
0.000010 0.049020 0.950920 0.000010 0.000010 0.000010 0.000010 0.000010
0.000010 0.159440 0.838286 0.002224 0.000010 0.000010 0.000010 0.000010
0.000013 0.249678 0.740040 0.000992 0.000010 0.000010 0.009247 0.000010
0.000010 0.206532 0.772926 0.000010 0.000010 0.000010 0.020491 0.000010
0.000010 0.044708 0.955232 0.000010 0.000010 0.000010 0.000010 0.000010
0.000010 0.198511 0.801429 0.000010 0.000010 0.000010 0.000010 0.000010
0.000010 0.080254 0.919686 0.000010 0.000010 0.000010 0.000010 0.000010
0.000010 0.183631 0.816309 0.000010 0.000010 0.000010 0.000010 0.000010
0.000010 0.115554 0.873514 0.009151 0.000010 0.000010 0.001740 0.000010
0.000010 0.068972 0.930968 0.000010 0.000010 0.000010 0.000010 0.000010
0.000010 0.000010 0.999930 0.000010 0.000010 0.000010 0.000010 0.000010
0.000010 0.000010 0.999930 0.000010 0.000010 0.000010 0.000010 0.000010
0.015881 0.089169 0.894901 0.000010 0.000010 0.000010 0.000010 0.000010
0.000010 0.000010 0.999930 0.000010 0.000010 0.000010 0.000010 0.000010
0.000010 0.083755 0.916185 0.000010 0.000010 0.000010 0.000010 0.000010
0.000010 0.000010 0.999930 0.000010 0.000010 0.000010 0.000010 0.000010
0.000010 0.000010 0.999930 0.000010 0.000010 0.000010 0.000010 0.000010
0.000010 0.060262 0.939678 0.000010 0.000010 0.000010 0.000010 0.000010
0.000010 0.028265 0.971675 0.000010 0.000010 0.000010 0.000010 0.000010
0.000014 0.022605 0.977331 0.000010 0.000010 0.000010 0.000010 0.000010
0.000010 0.135764 0.864176 0.000010 0.000010 0.000010 0.000010 0.000010
0.000010 0.075449 0.924491 0.000010 0.000010 0.000010 0.000010 0.000010
0.000010 0.143997 0.855943 0.000010 0.000010 0.000010 0.000010 0.000010
0.000010 0.171185 0.828755 0.000010 0.000010 0.000010 0.000010 0.000010
0.000010 0.000010 0.999930 0.000010 0.000010 0.000010 0.000010 0.000010
0.000010 0.000010 0.999930 0.000010 0.000010 0.000010 0.000010 0.000010
0.000010 0.000010 0.999930 0.000010 0.000010 0.000010 0.000010 0.000010
0.000010 0.078995 0.920945 0.000010 0.000010 0.000010 0.000010 0.000010
0.000010 0.123875 0.876065 0.000010 0.000010 0.000010 0.000010 0.000010
0.000010 0.036311 0.896438 0.000010 0.067201 0.000010 0.000010 0.000010
0.000010 0.003829 0.996111 0.000010 0.000010 0.000010 0.000010 0.000010
0.026922 0.000010 0.931971 0.000010 0.000010 0.041057 0.000010 0.000010
0.000010 0.000010 0.999930 0.000010 0.000010 0.000010 0.000010 0.000010
0.000010 0.000010 0.999930 0.000010 0.000010 0.000010 0.000010 0.000010
0.000010 0.000010 0.999930 0.000010 0.000010 0.000010 0.000010 0.000010
0.000010 0.000010 0.999930 0.000010 0.000010 0.000010 0.000010 0.000010
0.000010 0.041392 0.958548 0.000010 0.000010 0.000010 0.000010 0.000010
0.000010 0.058550 0.941390 0.000010 0.000010 0.000010 0.000010 0.000010
0.000010 0.030744 0.969196 0.000010 0.000010 0.000010 0.000010 0.000010
0.000010 0.086477 0.913463 0.000010 0.000010 0.000010 0.000010 0.000010
0.000010 0.067854 0.932086 0.000010 0.000010 0.000010 0.000010 0.000010
0.000010 0.035740 0.964200 0.000010 0.000010 0.000010 0.000010 0.000010
0.000010 0.026988 0.972952 0.000010 0.000010 0.000010 0.000010 0.000010
0.000010 0.149988 0.849952 0.000010 0.000010 0.000010 0.000010 0.000010
0.000010 0.000010 0.999930 0.000010 0.000010 0.000010 0.000010 0.000010
0.000010 0.000010 0.999930 0.000010 0.000010 0.000010 0.000010 0.000010
0.000010 0.032056 0.967884 0.000010 0.000010 0.000010 0.000010 0.000010
0.000010 0.058840 0.941100 0.000010 0.000010 0.000010 0.000010 0.000010
0.000010 0.056226 0.943714 0.000010 0.000010 0.000010 0.000010 0.000010
0.000010 0.115611 0.884329 0.000010 0.000010 0.000010 0.000010 0.000010
0.000010 0.069396 0.922132 0.008422 0.000010 0.000010 0.000010 0.000010
0.000010 0.000010 0.999930 0.000010 0.000010 0.000010 0.000010 0.000010
0.000010 0.059247 0.940693 0.000010 0.000010 0.000010 0.000010 0.000010
0.000010 0.107406 0.892534 0.000010 0.000010 0.000010 0.000010 0.000010
0.000010 0.000010 0.999930 0.000010 0.000010 0.000010 0.000010 0.000010
0.000010 0.000010 0.999930 0.000010 0.000010 0.000010 0.000010 0.000010
0.000010 0.112745 0.887195 0.000010 0.000010 0.000010 0.000010 0.000010
0.000010 0.127508 0.872432 0.000010 0.000010 0.000010 0.000010 0.000010
0.000010 0.072410 0.927530 0.000010 0.000010 0.000010 0.000010 0.000010
0.000010 0.061843 0.938097 0.000010 0.000010 0.000010 0.000010 0.000010
0.000010 0.034229 0.965711 0.000010 0.000010 0.000010 0.000010 0.000010
0.000010 0.000010 0.999930 0.000010 0.000010 0.000010 0.000010 0.000010
0.000010 0.071971 0.927969 0.000010 0.000010 0.000010 0.000010 0.000010
0.000010 0.001621 0.998319 0.000010 0.000010 0.000010 0.000010 0.000010
0.000010 0.000010 0.999771 0.000169 0.000010 0.000010 0.000010 0.000010
0.000010 0.010375 0.989565 0.000010 0.000010 0.000010 0.000010 0.000010
0.000010 0.101558 0.898382 0.000010 0.000010 0.000010 0.000010 0.000010
0.001877 0.181089 0.788262 0.019407 0.009336 0.000010 0.000010 0.000010
0.000010 0.007048 0.992892 0.000010 0.000010 0.000010 0.000010 0.000010
0.000013 0.253982 0.732347 0.000010 0.009779 0.000010 0.003849 0.000010
0.000010 0.098993 0.900947 0.000010 0.000010 0.000010 0.000010 0.000010
0.000010 0.043573 0.956367 0.000010 0.000010 0.000010 0.000010 0.000010
0.000010 0.136871 0.863069 0.000010 0.000010 0.000010 0.000010 0.000010
0.000010 0.051323 0.948612 0.000010 0.000010 0.000010 0.000016 0.000010
0.000010 0.015005 0.984935 0.000010 0.000010 0.000010 0.000010 0.000010
0.000010 0.144368 0.855572 0.000010 0.000010 0.000010 0.000010 0.000010
0.000010 0.000010 0.997415 0.002525 0.000010 0.000010 0.000010 0.000010
0.000010 0.073255 0.926685 0.000010 0.000010 0.000010 0.000010 0.000010
0.000010 0.021558 0.978382 0.000010 0.000010 0.000010 0.000010 0.000010
0.000010 0.000010 0.999930 0.000010 0.000010 0.000010 0.000010 0.000010
0.000010 0.000010 0.999930 0.000010 0.000010 0.000010 0.000010 0.000010
0.007710 0.196228 0.786488 0.009535 0.000010 0.000010 0.000010 0.000010
0.000010 0.000010 0.999930 0.000010 0.000010 0.000010 0.000010 0.000010
0.000015 0.061220 0.938715 0.000010 0.000010 0.000010 0.000010 0.000010
0.000010 0.142220 0.857720 0.000010 0.000010 0.000010 0.000010 0.000010
0.000010 0.061519 0.938421 0.000010 0.000010 0.000010 0.000010 0.000010
0.000010 0.000432 0.999508 0.000010 0.000010 0.000010 0.000010 0.000010
0.000010 0.155897 0.844043 0.000010 0.000010 0.000010 0.000010 0.000010
0.000010 0.072225 0.927706 0.000019 0.000010 0.000010 0.000010 0.000010
0.000010 0.000010 0.999930 0.000010 0.000010 0.000010 0.000010 0.000010
0.000010 0.026016 0.966238 0.000010 0.007696 0.000010 0.000010 0.000010
0.000010 0.000010 0.999930 0.000010 0.000010 0.000010 0.000010 0.000010
0.000010 0.000010 0.999930 0.000010 0.000010 0.000010 0.000010 0.000010
0.000010 0.000010 0.000010 0.999930 0.000010 0.000010 0.000010 0.000010
0.000010 0.000010 0.000010 0.999930 0.000010 0.000010 0.000010 0.000010
0.000010 0.000011 0.000010 0.999929 0.000010 0.000010 0.000010 0.000010
0.000010 0.006518 0.000010 0.993422 0.000010 0.000010 0.000010 0.000010
0.041202 0.034181 0.034379 0.890198 0.000010 0.000010 0.000010 0.000010
0.031570 0.000010 0.026306 0.827999 0.000010 0.000010 0.114085 0.000010
0.000010 0.000010 0.000010 0.999930 0.000010 0.000010 0.000010 0.000010
0.163032 0.000010 0.014135 0.794594 0.000010 0.000010 0.028198 0.000010
0.056654 0.000010 0.059383 0.881453 0.002470 0.000010 0.000010 0.000010
0.025306 0.000010 0.010958 0.963686 0.000010 0.000010 0.000010 0.000010
0.000010 0.000010 0.000010 0.972545 0.000010 0.000010 0.027395 0.000010
0.000010 0.008014 0.000010 0.991926 0.000010 0.000010 0.000010 0.000010
0.000010 0.000010 0.000010 0.999930 0.000010 0.000010 0.000010 0.000010
0.000010 0.000010 0.000010 0.999930 0.000010 0.000010 0.000010 0.000010
0.000010 0.000010 0.000010 0.999930 0.000010 0.000010 0.000010 0.000010
0.000010 0.000010 0.000010 0.999930 0.000010 0.000010 0.000010 0.000010
0.013355 0.000010 0.016505 0.846498 0.000010 0.000010 0.123602 0.000010
0.170609 0.000010 0.003801 0.825540 0.000010 0.000010 0.000010 0.000010
0.114433 0.005143 0.019942 0.846810 0.013642 0.000010 0.000010 0.000010
0.000010 0.000010 0.000010 0.999930 0.000010 0.000010 0.000010 0.000010
0.000010 0.011804 0.000010 0.789076 0.056403 0.000010 0.142678 0.000010
0.000010 0.000010 0.000010 0.999930 0.000010 0.000010 0.000010 0.000010
0.000010 0.000010 0.000010 0.999930 0.000010 0.000010 0.000010 0.000010
0.000010 0.000010 0.000010 0.999930 0.000010 0.000010 0.000010 0.000010
0.029020 0.013808 0.000010 0.926700 0.000010 0.000010 0.030432 0.000010
0.000010 0.000010 0.000010 0.965460 0.000010 0.000010 0.034480 0.000010
0.000010 0.000010 0.000010 0.999930 0.000010 0.000010 0.000010 0.000010
0.000010 0.000010 0.000010 0.997674 0.000010 0.000010 0.002266 0.000010
0.000010 0.000010 0.000010 0.999930 0.000010 0.000010 0.000010 0.000010
0.128625 0.000010 0.000010 0.871315 0.000010 0.000010 0.000010 0.000010
0.217155 0.000010 0.000010 0.782785 0.000010 0.000010 0.000010 0.000010
0.014644 0.011616 0.000010 0.973690 0.000010 0.000010 0.000010 0.000010
0.000010 0.000010 0.000010 0.999930 0.000010 0.000010 0.000010 0.000010
0.000010 0.000010 0.000010 0.999930 0.000010 0.000010 0.000010 0.000010
0.145404 0.001953 0.023065 0.802624 0.026924 0.000010 0.000010 0.000010
0.258739 0.016927 0.014419 0.706887 0.002998 0.000010 0.000010 0.000010
0.119764 0.000010 0.028604 0.825809 0.000010 0.000010 0.025783 0.000010
0.077747 0.000010 0.000470 0.672015 0.023386 0.000010 0.226352 0.000010
0.224145 0.024610 0.000010 0.608607 0.000010 0.000010 0.142597 0.000010
0.000010 0.000010 0.000010 0.970482 0.000010 0.000010 0.029458 0.000010
0.000010 0.060827 0.000010 0.920364 0.006061 0.000010 0.012708 0.000010
0.263534 0.003116 0.000010 0.683240 0.025201 0.000010 0.024879 0.000010
0.000010 0.005335 0.000010 0.994605 0.000010 0.000010 0.000010 0.000010
0.000010 0.000010 0.000010 0.993975 0.000010 0.000010 0.005965 0.000010
0.000010 0.003195 0.002489 0.994265 0.000010 0.000010 0.000010 0.000010
0.033795 0.039430 0.000010 0.849177 0.000010 0.000010 0.077558 0.000010
0.222494 0.000010 0.008999 0.703659 0.008586 0.000010 0.056231 0.000010
0.000010 0.000010 0.003747 0.996193 0.000010 0.000010 0.000010 0.000010
0.000010 0.000010 0.004427 0.995513 0.000010 0.000010 0.000010 0.000010
0.000010 0.000010 0.000010 0.999930 0.000010 0.000010 0.000010 0.000010
0.115418 0.000628 0.025346 0.853812 0.000010 0.000010 0.004764 0.000010
0.217789 0.056130 0.000010 0.697509 0.000010 0.000010 0.028532 0.000010
0.189939 0.037258 0.000010 0.717110 0.000010 0.000010 0.055652 0.000010
0.097106 0.001630 0.027965 0.854738 0.000010 0.000010 0.018530 0.000010
0.242749 0.000010 0.000010 0.757191 0.000010 0.000010 0.000010 0.000010
0.000010 0.000010 0.000010 0.999930 0.000010 0.000010 0.000010 0.000010
0.000010 0.000010 0.000010 0.999930 0.000010 0.000010 0.000010 0.000010
0.000010 0.000010 0.000010 0.999930 0.000010 0.000010 0.000010 0.000010
0.000010 0.000010 0.000010 0.999930 0.000010 0.000010 0.000010 0.000010
0.000010 0.000010 0.000010 0.999930 0.000010 0.000010 0.000010 0.000010
0.059352 0.033554 0.000010 0.885733 0.000010 0.000010 0.021321 0.000010
0.176917 0.001702 0.000010 0.820794 0.000547 0.000010 0.000010 0.000010
0.092714 0.000010 0.000010 0.848051 0.000010 0.000010 0.059185 0.000010
0.000010 0.000010 0.004947 0.994993 0.000010 0.000010 0.000010 0.000010
0.000010 0.000010 0.000010 0.999930 0.000010 0.000010 0.000010 0.000010
0.086766 0.000010 0.020706 0.832945 0.000010 0.000010 0.059543 0.000010
0.001758 0.000010 0.000010 0.998182 0.000010 0.000010 0.000010 0.000010
0.000010 0.000010 0.000010 0.999930 0.000010 0.000010 0.000010 0.000010
0.080821 0.003608 0.020251 0.723062 0.000010 0.000010 0.172228 0.000010
0.127219 0.000010 0.028775 0.843955 0.000010 0.000010 0.000010 0.000010
0.174672 0.006011 0.017709 0.801568 0.000010 0.000010 0.000010 0.000010
0.147553 0.023773 0.005506 0.823128 0.000010 0.000010 0.000010 0.000010
0.000010 0.000010 0.009997 0.989943 0.000010 0.000010 0.000010 0.000010
0.150311 0.000011 0.012537 0.814334 0.000010 0.000010 0.022778 0.000010
0.000010 0.004688 0.000010 0.995252 0.000010 0.000010 0.000010 0.000010
0.225129 0.004103 0.007820 0.719232 0.000010 0.000010 0.043686 0.000010
0.000010 0.002616 0.000010 0.992660 0.004674 0.000010 0.000010 0.000010
0.125146 0.011703 0.011686 0.769004 0.012057 0.000010 0.070385 0.000010
0.000010 0.000010 0.008630 0.991310 0.000010 0.000010 0.000010 0.000010
0.011834 0.000010 0.000010 0.988106 0.000010 0.000010 0.000010 0.000010
0.000010 0.000010 0.000010 0.999930 0.000010 0.000010 0.000010 0.000010
0.002380 0.000010 0.000010 0.973003 0.000010 0.000010 0.024566 0.000010
0.000010 0.000010 0.000010 0.999725 0.000010 0.000010 0.000215 0.000010
0.000010 0.000010 0.000010 0.999930 0.000010 0.000010 0.000010 0.000010
0.188258 0.000010 0.024374 0.753240 0.000010 0.000010 0.034088 0.000010
0.026825 0.000010 0.000010 0.973115 0.000010 0.000010 0.000010 0.000010
0.000010 0.000010 0.000010 0.999930 0.000010 0.000010 0.000010 0.000010
0.105540 0.000011 0.020207 0.737385 0.000010 0.000010 0.136827 0.000010
0.000010 0.999930 0.000010 0.000010 0.000010 0.000010 0.000010 0.000010
0.000010 0.851873 0.148067 0.000010 0.000010 0.000010 0.000010 0.000010
0.000010 0.929405 0.070535 0.000010 0.000010 0.000010 0.000010 0.000010
0.000010 0.999930 0.000010 0.000010 0.000010 0.000010 0.000010 0.000010
0.000010 0.974346 0.025594 0.000010 0.000010 0.000010 0.000010 0.000010
0.000010 0.929920 0.070020 0.000010 0.000010 0.000010 0.000010 0.000010
0.000010 0.909076 0.090864 0.000010 0.000010 0.000010 0.000010 0.000010
0.000010 0.954348 0.045592 0.000010 0.000010 0.000010 0.000010 0.000010
0.000010 0.986639 0.013301 0.000010 0.000010 0.000010 0.000010 0.000010
0.000010 0.805415 0.194525 0.000010 0.000010 0.000010 0.000010 0.000010
0.000010 0.999930 0.000010 0.000010 0.000010 0.000010 0.000010 0.000010
0.000010 0.999930 0.000010 0.000010 0.000010 0.000010 0.000010 0.000010
0.000010 0.993881 0.006059 0.000010 0.000010 0.000010 0.000010 0.000010
0.000010 0.898573 0.101367 0.000010 0.000010 0.000010 0.000010 0.000010
0.000010 0.853347 0.146593 0.000010 0.000010 0.000010 0.000010 0.000010
0.000010 0.978830 0.021110 0.000010 0.000010 0.000010 0.000010 0.000010
0.000010 0.983404 0.016536 0.000010 0.000010 0.000010 0.000010 0.000010
0.000010 0.987072 0.012868 0.000010 0.000010 0.000010 0.000010 0.000010
0.000010 0.921940 0.078000 0.000010 0.000010 0.000010 0.000010 0.000010
0.000010 0.999930 0.000010 0.000010 0.000010 0.000010 0.000010 0.000010
0.000010 0.999930 0.000010 0.000010 0.000010 0.000010 0.000010 0.000010
0.000010 0.957940 0.041993 0.000010 0.000010 0.000010 0.000017 0.000010
0.000010 0.977721 0.022219 0.000010 0.000010 0.000010 0.000010 0.000010
0.000010 0.959344 0.040596 0.000010 0.000010 0.000010 0.000010 0.000010
0.000010 0.999930 0.000010 0.000010 0.000010 0.000010 0.000010 0.000010
0.000010 0.955275 0.044665 0.000010 0.000010 0.000010 0.000010 0.000010
0.000010 0.999930 0.000010 0.000010 0.000010 0.000010 0.000010 0.000010
0.000010 0.999930 0.000010 0.000010 0.000010 0.000010 0.000010 0.000010
0.000010 0.999930 0.000010 0.000010 0.000010 0.000010 0.000010 0.000010
0.000010 0.904765 0.095175 0.000010 0.000010 0.000010 0.000010 0.000010
0.000010 0.999930 0.000010 0.000010 0.000010 0.000010 0.000010 0.000010
0.000010 0.999930 0.000010 0.000010 0.000010 0.000010 0.000010 0.000010
0.000010 0.996361 0.003579 0.000010 0.000010 0.000010 0.000010 0.000010
0.000010 0.875098 0.026166 0.000010 0.098687 0.000010 0.000010 0.000010
0.000010 0.975225 0.024715 0.000010 0.000010 0.000010 0.000010 0.000010
0.000010 0.999930 0.000010 0.000010 0.000010 0.000010 0.000010 0.000010
0.000010 0.999930 0.000010 0.000010 0.000010 0.000010 0.000010 0.000010
0.000010 0.945125 0.054815 0.000010 0.000010 0.000010 0.000010 0.000010
0.000010 0.943865 0.056075 0.000010 0.000010 0.000010 0.000010 0.000010
0.000010 0.999930 0.000010 0.000010 0.000010 0.000010 0.000010 0.000010
0.000010 0.993343 0.006597 0.000010 0.000010 0.000010 0.000010 0.000010
0.000010 0.898290 0.101650 0.000010 0.000010 0.000010 0.000010 0.000010
0.000010 0.999930 0.000010 0.000010 0.000010 0.000010 0.000010 0.000010
0.000010 0.999930 0.000010 0.000010 0.000010 0.000010 0.000010 0.000010
0.000010 0.974115 0.025825 0.000010 0.000010 0.000010 0.000010 0.000010
0.000010 0.999930 0.000010 0.000010 0.000010 0.000010 0.000010 0.000010
0.000010 0.985908 0.014032 0.000010 0.000010 0.000010 0.000010 0.000010
0.000010 0.999930 0.000010 0.000010 0.000010 0.000010 0.000010 0.000010
0.000010 0.999930 0.000010 0.000010 0.000010 0.000010 0.000010 0.000010
0.000010 0.999930 0.000010 0.000010 0.000010 0.000010 0.000010 0.000010
0.000010 0.999930 0.000010 0.000010 0.000010 0.000010 0.000010 0.000010
0.000010 0.999930 0.000010 0.000010 0.000010 0.000010 0.000010 0.000010
0.000010 0.991303 0.008637 0.000010 0.000010 0.000010 0.000010 0.000010
0.000010 0.999930 0.000010 0.000010 0.000010 0.000010 0.000010 0.000010
0.000010 0.524383 0.475557 0.000010 0.000010 0.000010 0.000010 0.000010
0.000010 0.999930 0.000010 0.000010 0.000010 0.000010 0.000010 0.000010
0.000010 0.999930 0.000010 0.000010 0.000010 0.000010 0.000010 0.000010
0.000010 0.999930 0.000010 0.000010 0.000010 0.000010 0.000010 0.000010
0.000010 0.999930 0.000010 0.000010 0.000010 0.000010 0.000010 0.000010
0.000010 0.999930 0.000010 0.000010 0.000010 0.000010 0.000010 0.000010
0.000010 0.805016 0.194924 0.000010 0.000010 0.000010 0.000010 0.000010
0.000010 0.999930 0.000010 0.000010 0.000010 0.000010 0.000010 0.000010
0.000010 0.999930 0.000010 0.000010 0.000010 0.000010 0.000010 0.000010
0.000010 0.979965 0.019975 0.000010 0.000010 0.000010 0.000010 0.000010
0.000010 0.916934 0.083006 0.000010 0.000010 0.000010 0.000010 0.000010
0.000010 0.898795 0.101145 0.000010 0.000010 0.000010 0.000010 0.000010
0.000010 0.999930 0.000010 0.000010 0.000010 0.000010 0.000010 0.000010
0.000010 0.999930 0.000010 0.000010 0.000010 0.000010 0.000010 0.000010
0.000010 0.960662 0.039278 0.000010 0.000010 0.000010 0.000010 0.000010
0.000010 0.988416 0.011524 0.000010 0.000010 0.000010 0.000010 0.000010
0.000010 0.949357 0.050583 0.000010 0.000010 0.000010 0.000010 0.000010
0.000010 0.950026 0.049914 0.000010 0.000010 0.000010 0.000010 0.000010
0.000010 0.999930 0.000010 0.000010 0.000010 0.000010 0.000010 0.000010
0.000010 0.999929 0.000010 0.000010 0.000010 0.000010 0.000011 0.000010
0.000010 0.999930 0.000010 0.000010 0.000010 0.000010 0.000010 0.000010
0.000010 0.999930 0.000010 0.000010 0.000010 0.000010 0.000010 0.000010
0.000010 0.844046 0.155888 0.000010 0.000016 0.000010 0.000010 0.000010
0.000010 0.955211 0.044729 0.000010 0.000010 0.000010 0.000010 0.000010
0.000010 0.953403 0.046537 0.000010 0.000010 0.000010 0.000010 0.000010
0.000010 0.957034 0.042906 0.000010 0.000010 0.000010 0.000010 0.000010
0.000010 0.987422 0.012518 0.000010 0.000010 0.000010 0.000010 0.000010
0.000010 0.958993 0.040947 0.000010 0.000010 0.000011 0.000010 0.000010
0.000010 0.912784 0.087156 0.000010 0.000010 0.000010 0.000010 0.000010
0.000010 0.869373 0.130567 0.000010 0.000010 0.000010 0.000010 0.000010
0.000010 0.927977 0.071963 0.000010 0.000010 0.000010 0.000010 0.000010
0.000010 0.954955 0.044985 0.000010 0.000010 0.000010 0.000010 0.000010
0.000010 0.000010 0.000010 0.000010 0.000010 0.691577 0.000010 0.308363
0.000010 0.000010 0.000010 0.000010 0.000010 0.713489 0.000010 0.286451
0.000010 0.000010 0.000010 0.000010 0.000010 0.734851 0.000010 0.265089
0.000010 0.000010 0.000010 0.000010 0.000010 0.689590 0.000010 0.310350
0.000010 0.000010 0.000010 0.000010 0.000010 0.749934 0.000010 0.250006
0.016504 0.000010 0.002599 0.000010 0.000010 0.765071 0.000010 0.215786
0.000010 0.000010 0.000010 0.000010 0.000010 0.751209 0.000010 0.248731
0.000010 0.000010 0.000010 0.000010 0.000010 0.670871 0.000010 0.329069
0.000010 0.000010 0.000010 0.000010 0.000010 0.806843 0.000010 0.193097
0.000010 0.000011 0.000011 0.000010 0.000010 0.773010 0.000010 0.226928
0.000010 0.000010 0.003946 0.000010 0.000010 0.707549 0.000010 0.288456
0.000010 0.000010 0.000010 0.000010 0.000010 0.731598 0.000010 0.268342
0.000010 0.000010 0.000010 0.000010 0.000010 0.741770 0.000010 0.258170
0.000010 0.000010 0.000010 0.000010 0.000010 0.782735 0.000010 0.217205
0.000010 0.000010 0.000010 0.000010 0.000010 0.752754 0.000010 0.247186
0.000010 0.000010 0.000010 0.000010 0.000010 0.723536 0.000010 0.276404
0.000010 0.000010 0.000010 0.000010 0.000010 0.760250 0.000010 0.239690
0.000010 0.008099 0.000010 0.000010 0.000010 0.711146 0.000010 0.280705
0.000010 0.000010 0.000010 0.000010 0.005787 0.715526 0.003197 0.275450
0.000010 0.000010 0.001804 0.000010 0.000010 0.759509 0.000010 0.238636
0.000010 0.000010 0.000010 0.000010 0.005762 0.788663 0.000010 0.205525
0.000010 0.000010 0.000010 0.000010 0.000010 0.755489 0.000010 0.244451
0.000010 0.000010 0.000010 0.000010 0.000010 0.713255 0.000010 0.286685
0.000010 0.000010 0.000010 0.000010 0.000010 0.760296 0.000010 0.239644
0.000010 0.000010 0.000010 0.001472 0.000010 0.737505 0.000010 0.260973
0.000010 0.000010 0.000010 0.000010 0.002121 0.692594 0.000010 0.305234
0.000010 0.000010 0.000010 0.000010 0.000010 0.720694 0.000010 0.279246
0.000010 0.000010 0.003591 0.000010 0.000010 0.776842 0.000010 0.219517
0.000010 0.000010 0.000010 0.000010 0.000010 0.708674 0.000010 0.291266
0.000010 0.000010 0.000010 0.000010 0.000010 0.737129 0.000010 0.262811
0.000010 0.000010 0.000010 0.000010 0.000010 0.778239 0.000010 0.221701
0.008840 0.000019 0.000010 0.000010 0.004993 0.717337 0.000010 0.268782
0.000010 0.000010 0.000010 0.000010 0.000010 0.720312 0.000010 0.279628
0.000010 0.000894 0.000010 0.000010 0.000010 0.771577 0.000010 0.227479
0.000010 0.000010 0.000010 0.000010 0.000010 0.796555 0.000010 0.203385
0.000010 0.000010 0.000010 0.000010 0.000010 0.741129 0.000010 0.258811
0.000010 0.000010 0.000010 0.000010 0.000010 0.741183 0.000010 0.258757
0.000010 0.000010 0.008165 0.000010 0.016475 0.773542 0.000010 0.201779
0.000010 0.000010 0.000010 0.006800 0.000010 0.800653 0.000010 0.192497
0.000010 0.000010 0.000010 0.000010 0.001028 0.755270 0.000010 0.243652
0.000010 0.000010 0.000010 0.000010 0.000010 0.762117 0.000010 0.237823
0.000010 0.000010 0.000010 0.000010 0.000010 0.757263 0.000010 0.242677
0.000010 0.000010 0.000010 0.000010 0.000010 0.744108 0.000010 0.255832
0.000010 0.000010 0.000010 0.000010 0.000010 0.740144 0.000010 0.259796
0.000010 0.000010 0.000010 0.000010 0.000010 0.739006 0.000010 0.260934
0.000010 0.000010 0.000010 0.000010 0.000010 0.730283 0.000010 0.269657
0.000010 0.000010 0.000010 0.000010 0.000010 0.740784 0.000010 0.259156
0.000010 0.000010 0.000010 0.000010 0.000010 0.769645 0.000010 0.230295
0.000010 0.000010 0.000010 0.000010 0.000010 0.755625 0.000010 0.244315
0.000010 0.000010 0.000010 0.000010 0.000010 0.754429 0.000010 0.245511
0.000010 0.000010 0.000010 0.000010 0.000010 0.804548 0.000010 0.195392
