0.000010 0.003760 0.859130 0.030425 0.106656 0.000010 0.000010
0.000010 0.009768 0.803210 0.021964 0.165028 0.000010 0.000010
0.000010 0.000010 0.718887 0.000010 0.252797 0.000010 0.028277
0.000914 0.000010 0.810451 0.026062 0.162544 0.000010 0.000010
0.000010 0.000010 0.838160 0.051681 0.079818 0.000010 0.030310
0.012207 0.008349 0.844030 0.026267 0.109127 0.000010 0.000010
0.000010 0.018716 0.679434 0.004182 0.297637 0.000010 0.000010
0.008699 0.005528 0.810890 0.003023 0.171411 0.000010 0.000439
0.000010 0.000010 0.719318 0.000010 0.280632 0.000010 0.000010
0.005764 0.000010 0.758387 0.034599 0.195413 0.000010 0.005816
0.000010 0.013697 0.878922 0.002652 0.082750 0.000010 0.021959
0.009583 0.000010 0.850258 0.004430 0.135699 0.000010 0.000010
0.012613 0.004155 0.830532 0.000010 0.152670 0.000010 0.000010
0.005434 0.007307 0.837355 0.023719 0.094620 0.000010 0.031554
0.000010 0.008796 0.737158 0.000010 0.253999 0.000016 0.000010
0.000010 0.012094 0.698238 0.000010 0.289628 0.000010 0.000010
0.008282 0.005328 0.707691 0.000010 0.267731 0.000010 0.010948
0.000010 0.000010 0.810745 0.000010 0.155285 0.026595 0.007344
0.000010 0.012267 0.556696 0.000010 0.291816 0.028969 0.110232
0.000010 0.001704 0.818348 0.009440 0.170478 0.000010 0.000010
0.000010 0.000012 0.761315 0.000010 0.227002 0.005967 0.005685
0.000010 0.000010 0.749667 0.000010 0.223562 0.000010 0.026730
0.000010 0.000010 0.723811 0.000010 0.276139 0.000010 0.000010
0.006089 0.000010 0.816376 0.032317 0.139523 0.000010 0.005675
0.005608 0.024532 0.864030 0.017757 0.088053 0.000010 0.000010
0.000010 0.000010 0.802485 0.006508 0.170914 0.020064 0.000010
0.000010 0.025584 0.801104 0.009595 0.163687 0.000010 0.000010
0.000010 0.008088 0.771794 0.000010 0.219708 0.000010 0.000379
0.000010 0.029239 0.750388 0.000010 0.220333 0.000010 0.000010
0.000010 0.005749 0.704209 0.000010 0.259658 0.011811 0.018554
0.035818 0.015589 0.628218 0.000010 0.043902 0.000010 0.276454
0.000010 0.013511 0.761829 0.000010 0.220128 0.000010 0.004502
0.003789 0.000010 0.812597 0.000010 0.174741 0.000606 0.008247
0.000010 0.021844 0.920812 0.029059 0.018767 0.000010 0.009497
0.000010 0.000010 0.576019 0.019380 0.379016 0.020446 0.005119
0.003086 0.000010 0.621413 0.000010 0.375460 0.000010 0.000010
0.000010 0.000010 0.848314 0.000010 0.143552 0.000010 0.008093
0.008518 0.008743 0.857003 0.013527 0.110490 0.000010 0.001709
0.003069 0.002948 0.748718 0.000010 0.245235 0.000010 0.000010
0.000228 0.001779 0.803354 0.039336 0.155282 0.000010 0.000010
0.000010 0.021933 0.820196 0.000010 0.121298 0.000010 0.036543
0.000010 0.022572 0.698004 0.007162 0.272232 0.000010 0.000010
0.000010 0.000010 0.846361 0.031607 0.107222 0.000010 0.014780
0.024397 0.000010 0.676246 0.000010 0.299317 0.000010 0.000010
0.000010 0.001721 0.603526 0.000010 0.391722 0.000010 0.003000
0.000010 0.020953 0.783062 0.000024 0.195932 0.000010 0.000010
0.000010 0.000010 0.696848 0.015596 0.287516 0.000011 0.000010
0.000010 0.000010 0.777230 0.034142 0.178536 0.010062 0.000010
0.001373 0.000010 0.884529 0.006932 0.107136 0.000010 0.000010
0.008951 0.000010 0.000010 0.000010 0.990999 0.000010 0.000010
0.000010 0.000010 0.000010 0.000010 0.999940 0.000010 0.000010
0.000010 0.000010 0.000010 0.000010 0.999940 0.000010 0.000010
0.000010 0.008108 0.000010 0.000010 0.991842 0.000010 0.000010
0.000010 0.000010 0.000010 0.000010 0.999940 0.000010 0.000010
0.000010 0.000010 0.000010 0.000010 0.993676 0.000010 0.006274
0.000010 0.000010 0.000010 0.000010 0.989866 0.010084 0.000010
0.000010 0.000010 0.000010 0.000010 0.994276 0.005674 0.000010
0.000010 0.000010 0.000010 0.000010 0.999940 0.000010 0.000010
0.000010 0.000010 0.000010 0.000010 0.999940 0.000010 0.000010
0.000010 0.000010 0.000010 0.000010 0.999940 0.000010 0.000010
0.000010 0.000010 0.000010 0.000010 0.999940 0.000010 0.000010
0.000010 0.000010 0.000010 0.000010 0.999940 0.000010 0.000010
0.000010 0.000010 0.000010 0.000010 0.999940 0.000010 0.000010
0.000010 0.008850 0.000010 0.000010 0.991100 0.000010 0.000010
0.000010 0.000010 0.000010 0.000010 0.999940 0.000010 0.000010
0.000010 0.002577 0.000010 0.000010 0.997373 0.000010 0.000010
0.000010 0.000010 0.000010 0.000010 0.975350 0.003759 0.020851
0.000010 0.000010 0.000010 0.000010 0.972882 0.012512 0.014565
0.000010 0.012463 0.000010 0.000010 0.944663 0.000010 0.042834
0.000010 0.000010 0.000010 0.000010 0.999940 0.000010 0.000010
0.000010 0.000010 0.000010 0.000010 0.910747 0.000010 0.089203
0.000010 0.000010 0.000010 0.000010 0.999940 0.000010 0.000010
0.000010 0.000010 0.000010 0.000010 0.985680 0.000010 0.014270
0.000544 0.000010 0.000010 0.000010 0.999406 0.000010 0.000010
0.000010 0.000010 0.000010 0.000010 0.999940 0.000010 0.000010
0.000010 0.000010 0.000010 0.000010 0.999940 0.000010 0.000010
0.000010 0.000010 0.000010 0.000010 0.999940 0.000010 0.000010
0.000010 0.000010 0.000010 0.000010 0.999940 0.000010 0.000010
0.000010 0.000010 0.000010 0.000010 0.999940 0.000010 0.000010
0.001982 0.018204 0.000010 0.000010 0.979774 0.000010 0.000010
0.000010 0.000010 0.000010 0.000010 0.999940 0.000010 0.000010
0.000010 0.000010 0.000010 0.000010 0.999940 0.000010 0.000010
0.000010 0.000010 0.000010 0.000010 0.999940 0.000010 0.000010
0.000010 0.003977 0.000010 0.000010 0.995973 0.000010 0.000010
0.000010 0.000010 0.000010 0.000010 0.999940 0.000010 0.000010
0.000010 0.001842 0.000010 0.000010 0.998108 0.000010 0.000010
0.000010 0.000013 0.000010 0.000010 0.999937 0.000010 0.000010
0.000010 0.000012 0.000010 0.000010 0.999938 0.000010 0.000010
0.000010 0.005030 0.000010 0.000010 0.978824 0.016106 0.000010
0.000010 0.000010 0.000010 0.000010 0.999940 0.000010 0.000010
0.000010 0.000010 0.000010 0.000010 0.987446 0.000010 0.012504
0.008453 0.000010 0.000010 0.000010 0.991497 0.000010 0.000010
0.000010 0.020576 0.000010 0.000010 0.979374 0.000010 0.000010
0.000010 0.000010 0.000010 0.000010 0.999940 0.000010 0.000010
0.000010 0.000010 0.000010 0.000010 0.984700 0.000010 0.015250
0.000010 0.000010 0.000010 0.000010 0.985194 0.000010 0.014756
0.000010 0.000010 0.000010 0.000010 0.999940 0.000010 0.000010
0.000010 0.004109 0.000010 0.000010 0.995841 0.000010 0.000010
0.000010 0.000010 0.000010 0.000010 0.999940 0.000010 0.000010
0.000010 0.004750 0.000010 0.000010 0.995200 0.000010 0.000010
0.000010 0.000010 0.000010 0.000010 0.999940 0.000010 0.000010
0.000010 0.000010 0.000010 0.000010 0.999940 0.000010 0.000010
0.012391 0.000010 0.000010 0.000010 0.987559 0.000010 0.000010
0.005573 0.006779 0.000010 0.000010 0.987608 0.000010 0.000010
0.000010 0.000010 0.000010 0.000010 0.981794 0.000010 0.018156
0.000010 0.000010 0.000010 0.000010 0.999940 0.000010 0.000010
0.000010 0.000010 0.000010 0.000010 0.999940 0.000010 0.000010
0.000010 0.000010 0.000010 0.000010 0.999940 0.000010 0.000010
0.000010 0.006174 0.000010 0.000010 0.993776 0.000010 0.000010
0.000010 0.004345 0.000010 0.000010 0.995605 0.000010 0.000010
0.000010 0.000010 0.000010 0.000010 0.999935 0.000015 0.000010
0.000010 0.000010 0.000010 0.000010 0.998376 0.001574 0.000010
0.000010 0.000010 0.000010 0.000010 0.995663 0.004287 0.000010
0.000010 0.000010 0.000010 0.000010 0.992910 0.000010 0.007040
0.000010 0.000010 0.000010 0.000010 0.993450 0.006500 0.000010
0.000010 0.000010 0.000010 0.000010 0.999940 0.000010 0.000010
0.000010 0.000010 0.000010 0.000010 0.999936 0.000014 0.000010
0.000010 0.000010 0.000010 0.000010 0.999940 0.000010 0.000010
0.001244 0.000010 0.000010 0.000010 0.998706 0.000010 0.000010
0.000010 0.000010 0.000010 0.000010 0.999940 0.000010 0.000010
0.000010 0.006645 0.000010 0.000010 0.990895 0.000010 0.002420
0.000010 0.030209 0.000010 0.000010 0.969741 0.000010 0.000010
0.004355 0.008941 0.000010 0.000010 0.986664 0.000010 0.000010
0.000010 0.000010 0.000010 0.000010 0.927994 0.000010 0.071956
0.000010 0.000010 0.000010 0.000010 0.903970 0.000010 0.095980
0.000010 0.000010 0.000010 0.000010 0.999940 0.000010 0.000010
0.007772 0.000018 0.000010 0.000010 0.992170 0.000010 0.000010
0.000010 0.000010 0.000010 0.000010 0.999940 0.000010 0.000010
0.000010 0.000010 0.000010 0.000010 0.999940 0.000010 0.000010
0.000010 0.000010 0.000010 0.000010 0.999940 0.000010 0.000010
0.000010 0.007990 0.000010 0.000010 0.991960 0.000010 0.000010
0.000010 0.000010 0.000010 0.000010 0.995575 0.002147 0.002239
0.000010 0.000010 0.000010 0.000010 0.999940 0.000010 0.000010
0.000010 0.003736 0.000010 0.000010 0.996214 0.000010 0.000010
0.000010 0.000010 0.000010 0.000010 0.999940 0.000010 0.000010
0.000010 0.000010 0.000010 0.000010 0.999936 0.000014 0.000010
0.000143 0.000010 0.000010 0.000010 0.975119 0.024698 0.000010
0.000010 0.000010 0.000010 0.000010 0.999937 0.000013 0.000010
0.000010 0.000010 0.000010 0.000010 0.997153 0.002797 0.000010
0.000010 0.000010 0.000010 0.000010 0.999940 0.000010 0.000010
0.000010 0.000010 0.000010 0.000010 0.999940 0.000010 0.000010
0.000010 0.000010 0.000010 0.000010 0.998526 0.000010 0.001424
0.004792 0.012200 0.000010 0.000010 0.982967 0.000010 0.000010
0.000010 0.000010 0.000010 0.000010 0.999940 0.000010 0.000010
0.000010 0.005830 0.000010 0.000010 0.994120 0.000010 0.000010
0.000010 0.002926 0.000010 0.000010 0.997024 0.000010 0.000010
0.000010 0.008978 0.000010 0.000010 0.990972 0.000010 0.000010
0.000010 0.004510 0.000010 0.000010 0.989967 0.005482 0.000010
0.000010 0.000010 0.000010 0.000010 0.999940 0.000010 0.000010
0.000010 0.023940 0.000010 0.000010 0.976010 0.000010 0.000010
0.000010 0.000010 0.000010 0.000010 0.998474 0.000010 0.001476
0.000010 0.000010 0.000010 0.000010 0.999940 0.000010 0.000010
0.000010 0.000010 0.000010 0.000010 0.999940 0.000010 0.000010
0.000010 0.000010 0.000010 0.000010 0.999940 0.000010 0.000010
0.000010 0.000010 0.000010 0.000010 0.999940 0.000010 0.000010
0.008809 0.000010 0.000010 0.000010 0.991141 0.000010 0.000010
0.000010 0.000010 0.000010 0.000010 0.999940 0.000010 0.000010
0.006750 0.000010 0.000010 0.000010 0.993200 0.000010 0.000010
0.000015 0.017589 0.000010 0.000010 0.982355 0.000010 0.000010
0.000010 0.000010 0.000010 0.000010 0.999940 0.000010 0.000010
0.000010 0.016788 0.000010 0.000010 0.983162 0.000010 0.000010
0.811985 0.000010 0.000010 0.000010 0.000875 0.173292 0.013818
0.793639 0.000010 0.000010 0.000010 0.000010 0.206311 0.000010
0.804141 0.000010 0.000010 0.000010 0.000010 0.195809 0.000010
0.999939 0.000010 0.000010 0.000011 0.000010 0.000010 0.000010
0.829797 0.000246 0.000010 0.000010 0.005374 0.164554 0.000010
0.815160 0.000010 0.000010 0.000010 0.000010 0.184790 0.000010
0.886136 0.000010 0.000010 0.000010 0.000010 0.113814 0.000010
0.828096 0.000010 0.000010 0.000010 0.000010 0.171854 0.000010
0.951764 0.005917 0.000010 0.000010 0.000010 0.042278 0.000010
0.811623 0.000010 0.000010 0.000010 0.005342 0.170892 0.012113
0.879018 0.000010 0.000010 0.000010 0.005943 0.114999 0.000010
0.828590 0.000010 0.000010 0.000010 0.000010 0.171360 0.000010
0.843897 0.000010 0.000010 0.000010 0.000010 0.156053 0.000010
0.768766 0.000010 0.000010 0.000010 0.000010 0.231184 0.000010
0.951381 0.000010 0.000010 0.000010 0.000010 0.048569 0.000010
0.957599 0.000010 0.000010 0.000010 0.000010 0.042351 0.000010
0.838362 0.000010 0.000010 0.000010 0.000010 0.142159 0.019439
0.946330 0.000519 0.000010 0.000010 0.000010 0.053111 0.000010
0.999940 0.000010 0.000010 0.000010 0.000010 0.000010 0.000010
0.941447 0.000010 0.000010 0.000010 0.000010 0.058503 0.000010
0.971329 0.000010 0.000010 0.000010 0.000010 0.028621 0.000010
0.926191 0.000010 0.000010 0.000010 0.000010 0.073759 0.000010
0.818340 0.028121 0.000010 0.000010 0.007442 0.146066 0.000010
0.730738 0.001742 0.000010 0.000010 0.018073 0.249416 0.000010
0.999940 0.000010 0.000010 0.000010 0.000010 0.000010 0.000010
0.873630 0.000010 0.000010 0.000010 0.000010 0.126320 0.000010
0.969101 0.000010 0.000010 0.000010 0.000010 0.030849 0.000010
0.811446 0.000010 0.000010 0.000010 0.000010 0.188504 0.000010
0.766519 0.033258 0.000010 0.000010 0.011768 0.188425 0.000010
0.975783 0.000010 0.000010 0.000010 0.000010 0.024167 0.000010
0.900758 0.000010 0.000010 0.000010 0.000010 0.099192 0.000010
0.957509 0.000010 0.000010 0.000010 0.000010 0.042441 0.000010
0.843494 0.000010 0.000010 0.000010 0.000010 0.156456 0.000010
0.834864 0.000010 0.000010 0.000010 0.019635 0.145460 0.000010
0.774244 0.000010 0.000010 0.000010 0.000010 0.225706 0.000010
0.840137 0.000010 0.000010 0.000010 0.000015 0.159808 0.000010
0.990378 0.000010 0.000010 0.000010 0.000010 0.009572 0.000010
0.898030 0.000010 0.000010 0.000010 0.000010 0.101920 0.000010
0.780706 0.000010 0.000010 0.000010 0.000010 0.219244 0.000010
0.779095 0.009491 0.000010 0.000010 0.001636 0.204628 0.005130
0.998425 0.000010 0.000010 0.000010 0.000010 0.001525 0.000010
0.879705 0.000010 0.000010 0.000010 0.000010 0.103657 0.016598
0.805439 0.000013 0.000010 0.000010 0.000010 0.194508 0.000010
0.852745 0.000010 0.000010 0.000010 0.000060 0.147155 0.000010
0.819890 0.000010 0.000010 0.000010 0.000010 0.180060 0.000010
0.909429 0.000010 0.000010 0.000010 0.000010 0.090521 0.000010
0.999940 0.000010 0.000010 0.000010 0.000010 0.000010 0.000010
0.828859 0.000010 0.000010 0.000010 0.000010 0.171091 0.000010
0.794052 0.000010 0.000010 0.000010 0.000010 0.205898 0.000010
0.845090 0.000010 0.000010 0.000010 0.005749 0.144165 0.004967
0.920350 0.000010 0.000010 0.000010 0.000010 0.079600 0.000010
0.758196 0.000010 0.000010 0.000010 0.000010 0.114349 0.127414
0.915517 0.000010 0.000010 0.000010 0.000010 0.084433 0.000010
0.778347 0.000010 0.000010 0.000010 0.001333 0.220280 0.000010
0.851321 0.000010 0.000010 0.000010 0.000017 0.148623 0.000010
0.879945 0.000010 0.000010 0.000010 0.000010 0.120005 0.000010
0.817207 0.000010 0.000010 0.000010 0.000010 0.171632 0.011121
0.952049 0.000010 0.000010 0.000010 0.000010 0.047901 0.000010
0.774277 0.000010 0.000010 0.000010 0.000010 0.225673 0.000010
0.800247 0.000010 0.000010 0.000010 0.000010 0.199703 0.000010
0.910678 0.000010 0.000010 0.000010 0.000010 0.089272 0.000010
0.982321 0.000017 0.000010 0.000010 0.000010 0.017622 0.000010
0.892057 0.000010 0.000010 0.000010 0.000010 0.107893 0.000010
0.777566 0.000010 0.000010 0.000010 0.000010 0.222384 0.000010
0.935372 0.000010 0.000010 0.000010 0.000010 0.064578 0.000010
0.944244 0.000010 0.000010 0.000010 0.005264 0.050452 0.000010
0.804552 0.000010 0.000010 0.000010 0.000010 0.195398 0.000010
0.934661 0.000010 0.000010 0.000010 0.000010 0.065289 0.000010
0.915941 0.000010 0.000010 0.000010 0.000010 0.084009 0.000010
0.999940 0.000010 0.000010 0.000010 0.000010 0.000010 0.000010
0.815029 0.000010 0.000010 0.000010 0.000010 0.184921 0.000010
0.757779 0.000010 0.000010 0.000010 0.000010 0.235146 0.007035
0.933197 0.000010 0.000010 0.000010 0.000010 0.066753 0.000010
0.837410 0.004289 0.000010 0.000010 0.000010 0.158262 0.000010
0.811631 0.000010 0.000010 0.000010 0.000010 0.172380 0.015949
0.826966 0.000010 0.000010 0.000010 0.008980 0.164015 0.000010
0.950790 0.000010 0.000010 0.000010 0.000010 0.049160 0.000010
0.838143 0.001983 0.000010 0.000010 0.000010 0.159835 0.000010
0.740053 0.001733 0.000010 0.000010 0.008585 0.249599 0.000010
0.773914 0.000010 0.000010 0.000010 0.019227 0.206819 0.000010
0.954989 0.000010 0.000010 0.000010 0.000010 0.044961 0.000010
0.801201 0.000010 0.000010 0.000010 0.000010 0.198749 0.000010
0.919555 0.000010 0.000010 0.000010 0.000010 0.080395 0.000010
0.816089 0.000010 0.000010 0.000010 0.000010 0.183861 0.000010
0.873990 0.010641 0.000010 0.000010 0.000016 0.115322 0.000010
0.930895 0.000010 0.000010 0.000010 0.000010 0.069055 0.000010
0.999940 0.000010 0.000010 0.000010 0.000010 0.000010 0.000010
0.999940 0.000010 0.000010 0.000010 0.000010 0.000010 0.000010
0.895990 0.000010 0.000010 0.000010 0.015149 0.088821 0.000010
0.999937 0.000010 0.000010 0.000010 0.000010 0.000013 0.000010
0.915915 0.000010 0.000010 0.000010 0.000010 0.084035 0.000010
0.999940 0.000010 0.000010 0.000010 0.000010 0.000010 0.000010
0.999940 0.000010 0.000010 0.000010 0.000010 0.000010 0.000010
0.939424 0.000010 0.000010 0.000010 0.000010 0.060526 0.000010
0.971468 0.000010 0.000010 0.000010 0.000010 0.028482 0.000010
0.977138 0.000010 0.000010 0.000010 0.000010 0.022812 0.000010
0.864014 0.000010 0.000010 0.000010 0.000010 0.135936 0.000010
0.924298 0.000010 0.000010 0.000010 0.000010 0.075652 0.000010
0.855916 0.000010 0.000010 0.000010 0.000010 0.144034 0.000010
0.828633 0.000010 0.000010 0.000010 0.000010 0.171317 0.000010
0.999940 0.000010 0.000010 0.000010 0.000010 0.000010 0.000010
0.999940 0.000010 0.000010 0.000010 0.000010 0.000010 0.000010
0.999940 0.000010 0.000010 0.000010 0.000010 0.000010 0.000010
0.920886 0.000010 0.000010 0.000010 0.000010 0.079064 0.000010
0.875818 0.000010 0.000010 0.000010 0.000010 0.124132 0.000010
0.894731 0.000010 0.000010 0.000010 0.000010 0.037112 0.068118
0.995603 0.000010 0.000010 0.000010 0.000010 0.004347 0.000010
0.934643 0.000010 0.041575 0.001095 0.022657 0.000010 0.000010
0.999937 0.000010 0.000010 0.000010 0.000013 0.000010 0.000010
0.999940 0.000010 0.000010 0.000010 0.000010 0.000010 0.000010
0.999940 0.000010 0.000010 0.000010 0.000010 0.000010 0.000010
0.999940 0.000010 0.000010 0.000010 0.000010 0.000010 0.000010
0.958266 0.000010 0.000010 0.000010 0.000010 0.041684 0.000010
0.941266 0.000010 0.000010 0.000010 0.000010 0.058684 0.000010
0.969036 0.000010 0.000010 0.000010 0.000010 0.030914 0.000010
0.913474 0.000010 0.000010 0.000010 0.000010 0.086476 0.000010
0.931831 0.000010 0.000010 0.000010 0.000010 0.068119 0.000010
0.963999 0.000010 0.000010 0.000010 0.000010 0.035951 0.000010
0.972704 0.000010 0.000010 0.000010 0.000010 0.027246 0.000010
0.849730 0.000013 0.000010 0.000010 0.000010 0.150217 0.000010
0.999932 0.000010 0.000010 0.000010 0.000010 0.000018 0.000010
0.999940 0.000010 0.000010 0.000010 0.000010 0.000010 0.000010
0.967853 0.000010 0.000010 0.000010 0.000010 0.032097 0.000010
0.940871 0.000010 0.000010 0.000010 0.000010 0.059079 0.000010
0.943406 0.000010 0.000010 0.000010 0.000010 0.056544 0.000010
0.884117 0.000010 0.000010 0.000010 0.000010 0.115833 0.000010
0.922185 0.008268 0.000010 0.000010 0.000010 0.069507 0.000010
0.999940 0.000010 0.000010 0.000010 0.000010 0.000010 0.000010
0.940374 0.000010 0.000010 0.000010 0.000010 0.059576 0.000010
0.892148 0.000010 0.000010 0.000010 0.000010 0.107802 0.000010
0.999940 0.000010 0.000010 0.000010 0.000010 0.000010 0.000010
0.999940 0.000010 0.000010 0.000010 0.000010 0.000010 0.000010
0.886885 0.000010 0.000010 0.000010 0.000010 0.113065 0.000010
0.872211 0.000010 0.000010 0.000010 0.000010 0.127739 0.000010
0.927245 0.000010 0.000010 0.000010 0.000010 0.072705 0.000010
0.937983 0.000010 0.000010 0.000010 0.000010 0.061967 0.000010
0.965506 0.000010 0.000010 0.000010 0.000010 0.034444 0.000010
0.999940 0.000010 0.000010 0.000010 0.000010 0.000010 0.000010
0.927790 0.000010 0.000010 0.000010 0.000010 0.072160 0.000010
0.997808 0.000010 0.000010 0.000010 0.000010 0.002142 0.000010
0.999895 0.000055 0.000010 0.000010 0.000010 0.000010 0.000010
0.989351 0.000010 0.000010 0.000010 0.000010 0.010599 0.000010
0.898228 0.000010 0.000010 0.000010 0.000010 0.101722 0.000010
0.788438 0.021363 0.000010 0.000010 0.000010 0.180786 0.009384
0.992472 0.000010 0.000010 0.000010 0.000010 0.007478 0.000010
0.733885 0.000010 0.000010 0.000010 0.000010 0.253168 0.012907
0.900738 0.000010 0.000010 0.000010 0.000010 0.099212 0.000010
0.956197 0.000010 0.000010 0.000010 0.000011 0.043752 0.000010
0.862972 0.000010 0.000010 0.000010 0.000010 0.136978 0.000010
0.948553 0.000010 0.000010 0.000010 0.000010 0.051397 0.000010
0.984660 0.000010 0.000010 0.000010 0.000010 0.015290 0.000010
0.855511 0.000010 0.000010 0.000010 0.000010 0.144439 0.000010
0.997552 0.002398 0.000010 0.000010 0.000010 0.000010 0.000010
0.926672 0.000010 0.000010 0.000010 0.000010 0.073278 0.000010
0.978182 0.000010 0.000010 0.000010 0.000010 0.021768 0.000010
0.999940 0.000010 0.000010 0.000010 0.000010 0.000010 0.000010
0.999940 0.000010 0.000010 0.000010 0.000010 0.000010 0.000010
0.786224 0.014382 0.000010 0.000010 0.003718 0.195646 0.000010
0.999940 0.000010 0.000010 0.000010 0.000010 0.000010 0.000010
0.938460 0.000010 0.000010 0.000010 0.000010 0.061490 0.000010
0.857492 0.000010 0.000010 0.000010 0.000010 0.142458 0.000010
0.938241 0.000019 0.000010 0.000010 0.000010 0.061700 0.000010
0.999112 0.000010 0.000010 0.000010 0.000010 0.000838 0.000010
0.843866 0.000010 0.000010 0.000010 0.000010 0.156084 0.000010
0.927538 0.000010 0.000010 0.000010 0.000010 0.072412 0.000010
0.999940 0.000010 0.000010 0.000010 0.000010 0.000010 0.000010
0.965496 0.000010 0.000010 0.000010 0.000010 0.026054 0.008410
0.999940 0.000010 0.000010 0.000010 0.000010 0.000010 0.000010
0.999940 0.000010 0.000010 0.000010 0.000010 0.000010 0.000010
0.000010 0.999940 0.000010 0.000010 0.000010 0.000010 0.000010
0.000010 0.999940 0.000010 0.000010 0.000010 0.000010 0.000010
0.000010 0.999940 0.000010 0.000010 0.000010 0.000010 0.000010
0.000010 0.993212 0.000010 0.000010 0.000010 0.006738 0.000010
0.034075 0.892603 0.000010 0.000010 0.038747 0.034546 0.000010
0.026834 0.830374 0.000010 0.000010 0.142752 0.000010 0.000010
0.000010 0.999940 0.000010 0.000010 0.000010 0.000010 0.000010
0.014644 0.795544 0.000010 0.000010 0.189771 0.000010 0.000010
0.059083 0.883970 0.000010 0.000010 0.053523 0.000010 0.003394
0.010987 0.965050 0.000010 0.000010 0.023919 0.000013 0.000010
0.000010 0.974335 0.000010 0.000010 0.025615 0.000010 0.000010
0.000010 0.991844 0.000010 0.000010 0.000010 0.008106 0.000010
0.000010 0.999940 0.000010 0.000010 0.000010 0.000010 0.000010
0.000010 0.999940 0.000010 0.000010 0.000010 0.000010 0.000010
0.000010 0.999940 0.000010 0.000010 0.000010 0.000010 0.000010
0.000010 0.999940 0.000010 0.000010 0.000010 0.000010 0.000010
0.016704 0.850721 0.000010 0.000010 0.132535 0.000010 0.000010
0.004348 0.826337 0.000010 0.000010 0.169275 0.000010 0.000010
0.020068 0.845955 0.000010 0.000010 0.113165 0.004812 0.015980
0.000010 0.999940 0.000010 0.000010 0.000010 0.000010 0.000010
0.000010 0.795910 0.000010 0.000010 0.135054 0.012915 0.056091
0.000010 0.999940 0.000010 0.000010 0.000010 0.000010 0.000010
0.000010 0.999940 0.000010 0.000010 0.000010 0.000010 0.000010
0.000010 0.999940 0.000010 0.000010 0.000010 0.000010 0.000010
0.000010 0.928717 0.000010 0.000010 0.057421 0.013822 0.000010
0.000010 0.968158 0.000010 0.000010 0.031792 0.000010 0.000010
0.000010 0.999940 0.000010 0.000010 0.000010 0.000010 0.000010
0.000010 0.999940 0.000010 0.000010 0.000010 0.000010 0.000010
0.000010 0.999940 0.000010 0.000010 0.000010 0.000010 0.000010
0.000010 0.877274 0.000010 0.000010 0.122676 0.000010 0.000010
0.000110 0.781961 0.000010 0.000010 0.217890 0.000010 0.000010
0.000010 0.979059 0.000010 0.000010 0.009030 0.011871 0.000010
0.000010 0.999940 0.000010 0.000010 0.000010 0.000010 0.000010
0.000010 0.999940 0.000010 0.000010 0.000010 0.000010 0.000010
0.022813 0.803501 0.000010 0.000010 0.143540 0.001522 0.028604
0.008635 0.705881 0.000010 0.000010 0.258391 0.023748 0.003325
0.028754 0.826572 0.000010 0.000010 0.144634 0.000010 0.000010
0.002437 0.675749 0.000010 0.000010 0.300387 0.000010 0.021397
0.000013 0.610576 0.000010 0.000010 0.364187 0.025194 0.000010
0.000010 0.979549 0.000010 0.000010 0.020401 0.000010 0.000010
0.000010 0.927474 0.000010 0.000010 0.003489 0.059917 0.009090
0.000010 0.682079 0.000010 0.000010 0.287015 0.001840 0.029036
0.000010 0.994360 0.000010 0.000010 0.000010 0.005590 0.000010
0.000010 0.997366 0.000010 0.000010 0.002584 0.000010 0.000010
0.002068 0.994293 0.000010 0.000010 0.000010 0.003600 0.000010
0.000010 0.851138 0.000010 0.000010 0.109422 0.039400 0.000010
0.009443 0.703003 0.000010 0.000010 0.277348 0.000010 0.010175
0.003910 0.996040 0.000010 0.000010 0.000010 0.000010 0.000010
0.004520 0.995430 0.000010 0.000010 0.000010 0.000010 0.000010
0.000010 0.999940 0.000010 0.000010 0.000010 0.000010 0.000010
0.024921 0.855298 0.000010 0.000010 0.118910 0.000842 0.000010
0.000010 0.697249 0.000010 0.000010 0.245809 0.055980 0.000932
0.000010 0.717787 0.000010 0.000010 0.244416 0.037758 0.000010
0.027887 0.855181 0.000010 0.000010 0.115189 0.001713 0.000010
0.000010 0.760030 0.000010 0.000010 0.239920 0.000010 0.000010
0.000010 0.999940 0.000010 0.000010 0.000010 0.000010 0.000010
0.000010 0.999940 0.000010 0.000010 0.000010 0.000010 0.000010
0.000010 0.999940 0.000010 0.000010 0.000010 0.000010 0.000010
0.000010 0.999940 0.000010 0.000010 0.000010 0.000010 0.000010
0.000010 0.999940 0.000010 0.000010 0.000010 0.000010 0.000010
0.000010 0.886532 0.000010 0.000010 0.079796 0.033632 0.000010
0.000010 0.823634 0.000010 0.000010 0.171476 0.000986 0.003873
0.000010 0.850260 0.000010 0.000010 0.149690 0.000010 0.000010
0.004999 0.994951 0.000010 0.000010 0.000010 0.000010 0.000010
0.000010 0.999940 0.000010 0.000010 0.000010 0.000010 0.000010
0.021067 0.834201 0.000010 0.000010 0.144692 0.000010 0.000010
0.000010 0.999940 0.000010 0.000010 0.000010 0.000010 0.000010
0.000010 0.999940 0.000010 0.000010 0.000010 0.000010 0.000010
0.020858 0.726868 0.000010 0.000010 0.248756 0.003487 0.000010
0.028759 0.849070 0.000010 0.000010 0.122132 0.000010 0.000010
0.019819 0.805369 0.000010 0.000010 0.170315 0.004468 0.000010
0.006536 0.829638 0.000010 0.000010 0.140569 0.023227 0.000010
0.010096 0.989849 0.000010 0.000010 0.000010 0.000015 0.000010
0.012997 0.815346 0.000010 0.000010 0.171617 0.000010 0.000010
0.000010 0.995443 0.000010 0.000010 0.000010 0.004507 0.000010
0.008233 0.718914 0.000010 0.000010 0.268316 0.004507 0.000010
0.000010 0.993588 0.000010 0.000010 0.000010 0.003647 0.002726
0.011993 0.770300 0.000010 0.000010 0.193479 0.011181 0.013027
0.008733 0.991217 0.000010 0.000010 0.000010 0.000010 0.000010
0.000010 0.990651 0.000010 0.000010 0.009299 0.000010 0.000010
0.000010 0.999940 0.000010 0.000010 0.000010 0.000010 0.000010
0.000010 0.975006 0.000010 0.000010 0.024944 0.000010 0.000010
0.000010 0.999940 0.000010 0.000010 0.000010 0.000010 0.000010
0.000010 0.999940 0.000010 0.000010 0.000010 0.000010 0.000010
0.024437 0.753926 0.000010 0.000010 0.221597 0.000010 0.000010
0.000010 0.975743 0.000010 0.000010 0.024207 0.000010 0.000010
0.000010 0.999940 0.000010 0.000010 0.000010 0.000010 0.000010
0.020839 0.740916 0.000010 0.000010 0.238206 0.000010 0.000010
0.000010 0.000010 0.000010 0.000010 0.000010 0.999940 0.000010
0.148050 0.000010 0.000010 0.000010 0.000010 0.851900 0.000010
0.070530 0.000010 0.000010 0.000010 0.000010 0.929420 0.000010
0.000010 0.000010 0.000010 0.000010 0.000010 0.999940 0.000010
0.025580 0.000010 0.000010 0.000010 0.000010 0.974370 0.000010
0.069990 0.000010 0.000010 0.000010 0.000010 0.929960 0.000010
0.090620 0.000010 0.000010 0.000010 0.000010 0.909330 0.000010
0.045470 0.000010 0.000010 0.000010 0.000010 0.954480 0.000010
0.013296 0.000010 0.000010 0.000010 0.000010 0.986654 0.000010
0.194286 0.000010 0.000010 0.000010 0.000010 0.805664 0.000010
0.000010 0.000010 0.000010 0.000010 0.000010 0.999940 0.000010
0.000010 0.000010 0.000010 0.000010 0.000010 0.999940 0.000010
0.005991 0.000010 0.000010 0.000010 0.000010 0.993959 0.000010
0.101239 0.000010 0.000010 0.000010 0.000010 0.898711 0.000010
0.146432 0.000010 0.000010 0.000010 0.000010 0.853518 0.000010
0.020965 0.000010 0.000010 0.000010 0.000010 0.978985 0.000010
0.016509 0.000010 0.000010 0.000010 0.000010 0.983441 0.000010
0.012566 0.000010 0.000010 0.000010 0.000010 0.987384 0.000010
0.077854 0.000010 0.000010 0.000010 0.000010 0.922096 0.000010
0.000010 0.000010 0.000010 0.000010 0.000010 0.999940 0.000010
0.000010 0.000010 0.000010 0.000010 0.000010 0.999940 0.000010
0.041787 0.000010 0.000010 0.000010 0.000010 0.958163 0.000010
0.021947 0.000010 0.000010 0.000010 0.000010 0.978003 0.000010
0.040342 0.000010 0.000010 0.000010 0.000010 0.959608 0.000010
0.000010 0.000010 0.000010 0.000010 0.000010 0.999940 0.000010
0.044541 0.000010 0.000010 0.000010 0.000010 0.955409 0.000010
0.000010 0.000010 0.000010 0.000010 0.000010 0.999940 0.000010
0.000010 0.000010 0.000010 0.000010 0.000010 0.999940 0.000010
0.000010 0.000010 0.000010 0.000010 0.000010 0.999940 0.000010
0.095166 0.000010 0.000010 0.000010 0.000010 0.904784 0.000010
0.000010 0.000010 0.000010 0.000010 0.000010 0.999940 0.000010
0.000010 0.000010 0.000010 0.000010 0.000010 0.999940 0.000010
0.003456 0.000010 0.000010 0.000010 0.000010 0.996494 0.000010
0.027040 0.000010 0.000010 0.000010 0.000010 0.872993 0.099926
0.024489 0.000010 0.000010 0.000010 0.000010 0.975461 0.000010
0.000010 0.000010 0.000010 0.000010 0.000010 0.999940 0.000010
0.000010 0.000010 0.000010 0.000010 0.000010 0.999940 0.000010
0.054668 0.000010 0.000010 0.000010 0.000010 0.945282 0.000010
0.056092 0.000010 0.000010 0.000010 0.000010 0.943858 0.000010
0.000010 0.000010 0.000010 0.000010 0.000010 0.999940 0.000010
0.006396 0.000010 0.000010 0.000010 0.000010 0.993554 0.000010
0.101493 0.000010 0.000010 0.000010 0.000010 0.898457 0.000010
0.000010 0.000010 0.000010 0.000010 0.000010 0.999940 0.000010
0.000010 0.000010 0.000010 0.000010 0.000010 0.999940 0.000010
0.025702 0.000010 0.000010 0.000010 0.000010 0.974248 0.000010
0.000010 0.000010 0.000010 0.000010 0.000010 0.999940 0.000010
0.014031 0.000010 0.000010 0.000010 0.000010 0.985919 0.000010
0.000010 0.000010 0.000010 0.000010 0.000010 0.999940 0.000010
0.000010 0.000010 0.000010 0.000010 0.000010 0.999940 0.000010
0.000010 0.000010 0.000010 0.000010 0.000010 0.999940 0.000010
0.000010 0.000010 0.000010 0.000010 0.000010 0.999940 0.000010
0.000010 0.000010 0.000010 0.000010 0.000010 0.999940 0.000010
0.008503 0.000010 0.000010 0.000010 0.000010 0.991447 0.000010
0.000010 0.000010 0.000010 0.000010 0.000010 0.999940 0.000010
0.475364 0.000010 0.000010 0.000010 0.000010 0.524586 0.000010
0.000010 0.000010 0.000010 0.000010 0.000010 0.999940 0.000010
0.000010 0.000010 0.000010 0.000010 0.000010 0.999940 0.000010
0.000010 0.000010 0.000010 0.000010 0.000010 0.999940 0.000010
0.000010 0.000010 0.000010 0.000010 0.000010 0.999940 0.000010
0.000010 0.000010 0.000010 0.000010 0.000010 0.999940 0.000010
0.194703 0.000010 0.000010 0.000010 0.000010 0.805247 0.000010
0.000010 0.000010 0.000010 0.000010 0.000010 0.999940 0.000010
0.000010 0.000010 0.000010 0.000010 0.000010 0.999940 0.000010
0.019868 0.000010 0.000010 0.000010 0.000010 0.980082 0.000010
0.082847 0.000010 0.000010 0.000010 0.000010 0.917103 0.000010
0.101027 0.000010 0.000010 0.000010 0.000010 0.898923 0.000010
0.000010 0.000010 0.000010 0.000010 0.000010 0.999940 0.000010
0.000010 0.000010 0.000010 0.000010 0.000010 0.999940 0.000010
0.038903 0.000010 0.000010 0.000010 0.000010 0.961047 0.000010
0.011510 0.000010 0.000010 0.000010 0.000010 0.988440 0.000010
0.050531 0.000010 0.000010 0.000010 0.000010 0.949419 0.000010
0.049677 0.000010 0.000010 0.000010 0.000010 0.950273 0.000010
0.000010 0.000010 0.000010 0.000010 0.000010 0.999940 0.000010
0.000010 0.000010 0.000010 0.000010 0.000010 0.999940 0.000010
0.000010 0.000010 0.000010 0.000010 0.000010 0.999940 0.000010
0.000010 0.000010 0.000010 0.000010 0.000010 0.999940 0.000010
0.155800 0.000010 0.000010 0.000010 0.000010 0.844150 0.000010
0.044358 0.000010 0.000010 0.000010 0.000010 0.955592 0.000010
0.046452 0.000010 0.000010 0.000010 0.000010 0.953498 0.000010
0.042974 0.000010 0.000010 0.000010 0.000010 0.956976 0.000010
0.012308 0.000010 0.000010 0.000010 0.000010 0.987642 0.000010
0.040830 0.000010 0.000010 0.000010 0.000010 0.959120 0.000010
0.087129 0.000010 0.000010 0.000010 0.000010 0.912821 0.000010
0.130189 0.000010 0.000010 0.000010 0.000010 0.869761 0.000010
0.071981 0.000010 0.000010 0.000010 0.000010 0.927969 0.000010
0.045084 0.000010 0.000010 0.000010 0.000010 0.954866 0.000010
0.000010 0.000010 0.692848 0.307102 0.000010 0.000010 0.000010
0.000010 0.000010 0.714229 0.285721 0.000010 0.000010 0.000010
0.000010 0.000010 0.735571 0.264379 0.000010 0.000010 0.000010
0.000010 0.000010 0.690271 0.309679 0.000010 0.000010 0.000010
0.000010 0.000010 0.750883 0.249067 0.000010 0.000010 0.000010
0.005193 0.000010 0.765807 0.217588 0.011124 0.000010 0.000267
0.000010 0.000010 0.751681 0.248269 0.000010 0.000010 0.000010
0.000010 0.000010 0.671807 0.328143 0.000010 0.000010 0.000010
0.000010 0.000010 0.807556 0.192394 0.000010 0.000010 0.000010
0.000010 0.000010 0.773927 0.226023 0.000010 0.000010 0.000010
0.003824 0.000010 0.708654 0.287482 0.000010 0.000010 0.000010
0.000010 0.000010 0.732826 0.267124 0.000010 0.000010 0.000010
0.000010 0.000010 0.742898 0.257052 0.000010 0.000010 0.000010
0.000010 0.000010 0.783381 0.216569 0.000010 0.000010 0.000010
0.000010 0.000018 0.753722 0.246220 0.000010 0.000010 0.000010
0.000010 0.000010 0.724038 0.275912 0.000010 0.000010 0.000010
0.000010 0.000010 0.760934 0.239016 0.000010 0.000010 0.000010
0.000010 0.000017 0.711753 0.280714 0.000010 0.007486 0.000010
0.000010 0.000010 0.714918 0.277568 0.000010 0.000010 0.007474
0.001521 0.000010 0.760425 0.238013 0.000010 0.000010 0.000010
0.000010 0.000010 0.789492 0.204736 0.000010 0.000010 0.005733
0.000010 0.000010 0.756221 0.243729 0.000010 0.000010 0.000010
0.000010 0.000010 0.714474 0.285476 0.000010 0.000010 0.000010
0.000010 0.000010 0.761166 0.238784 0.000010 0.000010 0.000010
0.000010 0.001467 0.737679 0.260815 0.000010 0.000010 0.000010
0.000010 0.000010 0.693018 0.305067 0.000010 0.000010 0.001874
0.000010 0.000010 0.721838 0.278112 0.000010 0.000010 0.000010
0.003280 0.000010 0.777287 0.219394 0.000010 0.000010 0.000010
0.000010 0.000010 0.709868 0.290082 0.000010 0.000010 0.000010
0.000010 0.000010 0.738123 0.261827 0.000010 0.000010 0.000010
0.000010 0.000010 0.779080 0.220870 0.000010 0.000010 0.000010
0.000010 0.000010 0.715930 0.273673 0.000451 0.001497 0.008430
0.000010 0.000010 0.721471 0.278479 0.000010 0.000010 0.000010
0.000010 0.000010 0.772069 0.227256 0.000010 0.000635 0.000010
0.000010 0.000010 0.797329 0.202621 0.000010 0.000010 0.000010
0.000010 0.000010 0.742020 0.257930 0.000010 0.000010 0.000010
0.000010 0.000010 0.742107 0.257843 0.000010 0.000010 0.000010
0.008657 0.000010 0.774480 0.201116 0.000010 0.000010 0.015717
0.000010 0.006297 0.801272 0.192392 0.000010 0.000010 0.000010
0.000010 0.000010 0.755856 0.244094 0.000010 0.000010 0.000010
0.000010 0.000010 0.762692 0.237258 0.000010 0.000010 0.000010
0.000010 0.000010 0.757786 0.242164 0.000010 0.000010 0.000010
0.000010 0.000010 0.745694 0.254256 0.000010 0.000010 0.000010
0.000010 0.000010 0.741098 0.258852 0.000010 0.000010 0.000010
0.000010 0.000010 0.739814 0.260136 0.000010 0.000010 0.000010
0.000010 0.000010 0.731046 0.268904 0.000010 0.000010 0.000010
0.000010 0.000010 0.741973 0.257977 0.000010 0.000010 0.000010
0.000010 0.000010 0.770124 0.229826 0.000010 0.000010 0.000010
0.000010 0.000010 0.756226 0.243724 0.000010 0.000010 0.000010
0.000010 0.000010 0.754743 0.245207 0.000010 0.000010 0.000010
0.000010 0.000010 0.805370 0.194580 0.000010 0.000010 0.000010
0.000010 0.000010 0.786933 0.213017 0.000010 0.000010 0.000010
0.000010 0.000010 0.737525 0.257006 0.000010 0.000010 0.005429
0.000010 0.000010 0.737127 0.262823 0.000010 0.000010 0.000010
0.000010 0.000010 0.804064 0.195886 0.000010 0.000010 0.000010
0.000010 0.000010 0.779208 0.220742 0.000010 0.000010 0.000010
0.005117 0.000010 0.770001 0.224842 0.000010 0.000010 0.000010
0.000010 0.000010 0.774977 0.224973 0.000010 0.000010 0.000010
0.000010 0.000010 0.820196 0.179754 0.000010 0.000010 0.000010
0.000010 0.000010 0.730275 0.259277 0.010409 0.000010 0.000010
0.000010 0.000774 0.742578 0.241723 0.000010 0.009223 0.005683
0.000010 0.000010 0.712357 0.287593 0.000010 0.000010 0.000010
0.000010 0.000010 0.789019 0.210931 0.000010 0.000010 0.000010
0.000010 0.001245 0.793386 0.205329 0.000010 0.000010 0.000010
0.000010 0.000010 0.731386 0.268564 0.000010 0.000010 0.000010
0.000010 0.000010 0.695189 0.304761 0.000010 0.000010 0.000010
0.000010 0.000010 0.720402 0.279548 0.000010 0.000010 0.000010
0.000010 0.000010 0.802295 0.197655 0.000010 0.000010 0.000010
0.000010 0.000010 0.721950 0.278000 0.000010 0.000010 0.000010
0.000010 0.000010 0.726260 0.273690 0.000010 0.000010 0.000010
0.000010 0.000010 0.705845 0.294105 0.000010 0.000010 0.000010
0.000010 0.000010 0.716701 0.283249 0.000010 0.000010 0.000010
0.000010 0.000010 0.663773 0.260727 0.000010 0.000010 0.075460
0.000010 0.000010 0.728831 0.271119 0.000010 0.000010 0.000010
0.000010 0.000010 0.791664 0.208286 0.000010 0.000010 0.000010
0.000010 0.000010 0.770292 0.229658 0.000010 0.000010 0.000010
0.000010 0.000010 0.821733 0.175739 0.000010 0.002488 0.000010
0.000010 0.000010 0.763734 0.236216 0.000010 0.000010 0.000010
0.000010 0.000010 0.758030 0.241920 0.000010 0.000010 0.000010
0.000010 0.000010 0.682510 0.317440 0.000010 0.000010 0.000010
0.000010 0.000010 0.704316 0.295634 0.000010 0.000010 0.000010
0.000010 0.000010 0.745654 0.254296 0.000010 0.000010 0.000010
0.000010 0.000010 0.776384 0.223566 0.000010 0.000010 0.000010
0.000010 0.000010 0.737805 0.262145 0.000010 0.000010 0.000010
0.000010 0.000010 0.770577 0.229373 0.000010 0.000010 0.000010
0.000010 0.000010 0.751284 0.248666 0.000010 0.000010 0.000010
0.000010 0.000010 0.745306 0.254644 0.000010 0.000010 0.000010
0.000010 0.000010 0.795895 0.204055 0.000010 0.000010 0.000010
0.000010 0.000010 0.764314 0.235636 0.000010 0.000010 0.000010
0.000010 0.000010 0.781750 0.218200 0.000010 0.000010 0.000010
0.000010 0.000010 0.000010 0.000010 0.073924 0.047798 0.878238
0.000010 0.010748 0.000010 0.000010 0.129551 0.000010 0.859661
0.000010 0.020375 0.000010 0.000010 0.269691 0.000010 0.709894
0.034349 0.016090 0.000014 0.013037 0.198649 0.000010 0.737851
0.000014 0.007875 0.000010 0.000010 0.627116 0.000010 0.364965
0.023285 0.000010 0.000010 0.000010 0.495940 0.019348 0.461397
0.006836 0.000072 0.000010 0.000010 0.104251 0.000010 0.888811
0.000010 0.004423 0.000010 0.000010 0.443680 0.000010 0.551857
0.000010 0.009105 0.000010 0.003527 0.348748 0.011465 0.627135
0.000010 0.000010 0.000010 0.000010 0.000010 0.000010 0.999940
0.000010 0.000010 0.000010 0.000010 0.046160 0.000010 0.953790
0.000010 0.001686 0.000010 0.000010 0.199691 0.000010 0.798583
0.000010 0.000010 0.000010 0.000010 0.000010 0.000010 0.999940
0.000010 0.000010 0.000010 0.000010 0.408315 0.000010 0.591635
0.000010 0.000010 0.000010 0.000010 0.443255 0.000010 0.556695
0.000010 0.000010 0.000010 0.010410 0.745971 0.000010 0.243579
0.000010 0.002127 0.000010 0.011314 0.527115 0.001862 0.457562
0.000010 0.025572 0.019420 0.012421 0.541721 0.004716 0.396139
0.000257 0.005031 0.000010 0.000010 0.532392 0.022233 0.440068
0.000209 0.000010 0.000010 0.000010 0.444619 0.000010 0.555132
0.000010 0.000010 0.000010 0.000010 0.000010 0.000010 0.999940
0.015304 0.018963 0.000010 0.026181 0.243866 0.000010 0.695667
0.002313 0.000010 0.000010 0.000010 0.259265 0.011183 0.727210
0.000010 0.000010 0.042350 0.000010 0.269625 0.012468 0.675526
0.000010 0.041581 0.032483 0.000010 0.265307 0.000010 0.660598
0.000010 0.000010 0.000010 0.000010 0.000010 0.000010 0.999940
0.000010 0.000010 0.000010 0.000010 0.128324 0.000010 0.871626
0.012658 0.020124 0.000010 0.000010 0.274860 0.000010 0.692329
0.000010 0.000010 0.000010 0.000010 0.262105 0.005818 0.732037
0.008680 0.001078 0.000010 0.013893 0.511615 0.012290 0.452433
0.006181 0.016201 0.000010 0.000010 0.278135 0.000010 0.699452
0.000010 0.003997 0.000010 0.000010 0.030852 0.003694 0.961427
0.000010 0.000010 0.000010 0.000010 0.127216 0.000010 0.872734
0.000010 0.000010 0.023897 0.012620 0.602542 0.000010 0.360911
0.000010 0.011561 0.000010 0.000010 0.103473 0.007869 0.877066
0.000010 0.000010 0.000010 0.000010 0.000010 0.000010 0.999940
0.000010 0.000010 0.000010 0.000010 0.528576 0.010379 0.461005
0.000010 0.008683 0.000010 0.000010 0.251191 0.018322 0.721775
0.000010 0.009901 0.000010 0.000010 0.146368 0.000010 0.843690
0.081908 0.032417 0.000772 0.000010 0.400428 0.000010 0.484455
